4.273120,  4.176605,  2.659618,  2.489990,  1
2.291899,  3.656069,  -1.711748,  -2.261591,  1
-2.416038,  1.455466,  1.068231,  7.067349,  1
3.109274,  9.777570,  2.963889,  2.683444,  1
-3.724043,  -9.131310,  4.732031,  3.304929,  1
-3.267489,  -2.640964,  5.315654,  2.415380,  1
2.417205,  11.767932,  -0.915031,  4.186735,  1
-6.734219,  5.209555,  -5.547625,  -1.815812,  1
2.504042,  5.913108,  0.245209,  -3.050663,  1
0.285859,  -3.346638,  -5.537861,  -2.536711,  1
0.887750,  -2.396417,  -4.927878,  -0.572542,  1
-1.823079,  6.971411,  -2.366829,  -5.070095,  1
2.136332,  -5.081485,  -4.340142,  6.815154,  1
-2.740202,  -1.452238,  0.215734,  1.363583,  1
2.150835,  -2.435768,  -7.128881,  8.933487,  1
1.751201,  -2.754731,  -2.806073,  2.463017,  1
8.662344,  2.534057,  -1.973701,  6.620409,  1
3.785038,  3.188529,  -4.706675,  2.598175,  1
-0.668196,  -0.699256,  -2.410400,  3.347129,  1
3.123680,  3.420566,  -9.425546,  1.294261,  1
-2.291270,  0.266779,  5.460357,  -3.451689,  1
-0.589822,  2.933069,  -0.162446,  1.732377,  1
1.310926,  -3.641061,  0.737830,  0.382949,  1
8.148493,  1.885003,  0.235897,  -3.013932,  1
-0.030000,  -0.811584,  -5.401322,  -3.793468,  1
2.511588,  3.659077,  -5.954148,  3.569162,  1
1.738167,  -0.661489,  -0.020761,  3.027073,  1
-3.961367,  8.203387,  4.154174,  4.507062,  1
5.929489,  -2.673659,  -2.471015,  14.294794,  1
2.299617,  -1.733813,  -1.184236,  10.321210,  1
6.642609,  -2.877311,  0.375999,  4.197074,  1
4.485783,  2.102765,  -1.067631,  -0.906656,  1
-4.131170,  2.812515,  1.826307,  -3.070334,  1
4.337563,  -1.892928,  13.365486,  -1.823322,  1
-3.054877,  2.899367,  0.454697,  -5.373822,  1
1.193945,  -5.625633,  -4.570558,  2.330292,  1
6.781638,  -5.352938,  -0.044042,  -1.290130,  1
-1.832619,  -3.776622,  2.646735,  3.236528,  1
-2.643302,  0.759196,  5.058241,  -2.804157,  1
-8.429705,  1.239371,  7.975845,  8.209887,  1
2.263059,  -6.016442,  -4.141901,  -1.922728,  1
2.870583,  -2.726729,  0.354660,  -0.769585,  1
3.331169,  -2.664918,  3.043505,  1.305962,  1
2.136057,  2.489857,  -5.225533,  5.195453,  1
0.788231,  -1.497153,  0.603905,  -1.209108,  1
-6.055972,  -5.933371,  3.529957,  1.473250,  1
-0.192687,  3.355116,  -5.018760,  9.322908,  1
7.321126,  6.521482,  2.565494,  10.618817,  1
2.299327,  1.597850,  -6.916571,  3.778956,  1
0.600204,  6.333404,  -2.601339,  -4.219126,  1
-1.290862,  1.067385,  -1.549098,  5.380833,  1
0.496013,  3.317662,  9.903690,  1.449619,  1
3.614073,  1.828446,  -4.213909,  -4.515704,  1
-0.257545,  3.462597,  -1.857616,  -3.936515,  1
5.551392,  -0.603884,  -0.970608,  -1.114805,  1
-2.033725,  2.329769,  -0.881272,  0.129579,  1
0.650777,  5.499488,  3.902658,  -8.596383,  1
5.170161,  1.244632,  0.693325,  -2.631070,  1
1.239223,  0.403869,  -0.878194,  -1.833432,  1
6.861945,  7.554985,  -2.905643,  1.580231,  1
-2.667670,  -1.468073,  4.831605,  0.138789,  1
4.517294,  7.607566,  1.215211,  2.305152,  1
-4.327169,  2.814386,  8.321105,  -4.572156,  1
1.842601,  7.516861,  0.133928,  4.608487,  1
-2.305753,  0.962897,  -1.320812,  4.640843,  1
3.293731,  9.419772,  1.656513,  0.501305,  1
3.555889,  0.639956,  -0.828123,  0.963891,  1
-0.677479,  -0.972157,  -1.510418,  1.299268,  1
-0.842000,  1.085025,  5.266737,  -1.329738,  1
-1.739586,  -4.927070,  -3.690850,  -3.099177,  1
6.312485,  -3.657225,  -3.295219,  -2.168674,  1
-1.602991,  3.224367,  -0.199506,  -5.310947,  1
-0.987093,  -0.494966,  6.822841,  -2.838320,  1
-0.057356,  8.460096,  6.288410,  3.844869,  1
-6.479469,  4.846305,  -0.719661,  2.674079,  1
0.378316,  6.702385,  0.594733,  5.421068,  1
0.463731,  1.688136,  -3.976334,  0.697667,  1
-2.283489,  -3.059519,  5.779903,  2.097727,  1
3.122079,  -3.667157,  2.799244,  6.487673,  1
-2.772928,  -0.412377,  1.130882,  4.077331,  1
-6.629617,  0.156836,  -3.249613,  6.553245,  1
-7.074098,  -6.799512,  -4.595284,  -5.988111,  1
4.673187,  4.312929,  3.702012,  -3.047232,  1
-6.037420,  -2.833587,  -2.142066,  3.650137,  1
4.672768,  9.246807,  3.867124,  -4.622813,  1
-5.851252,  -7.130191,  -0.058037,  10.567850,  1
-0.039654,  3.848615,  1.042098,  0.215995,  1
1.757696,  -0.351602,  3.559975,  1.257900,  1
2.400027,  3.883988,  3.474886,  -3.785735,  1
3.657045,  -2.171681,  4.736301,  -1.405951,  1
-0.713022,  -3.586262,  -6.284380,  9.674874,  1
-0.787980,  -1.258169,  0.079598,  1.107272,  1
-2.730396,  -0.037640,  7.819168,  -0.482781,  1
5.285536,  1.634992,  8.272310,  0.098141,  1
1.795013,  2.687473,  -2.139955,  6.669038,  1
4.724066,  1.859751,  4.237918,  0.004036,  1
-0.754498,  -0.604731,  0.768723,  1.554342,  1
-3.156781,  -4.670943,  2.008938,  3.414897,  1
3.992357,  6.316856,  0.266552,  6.285435,  1
0.717201,  13.212101,  3.619112,  0.988158,  1
1.261967,  -6.269763,  -2.991377,  1.780669,  1
1.394942,  3.860850,  1.152109,  -3.188917,  1
-0.761367,  6.432945,  -1.231437,  5.327724,  1
3.334371,  0.576556,  0.375090,  0.793933,  1
-0.201513,  -5.917635,  4.296060,  3.169751,  1
-0.107270,  0.867667,  9.334222,  7.305050,  1
8.280662,  0.854887,  0.509444,  -1.008110,  1
4.589993,  6.455844,  -6.924846,  -2.025784,  1
2.137607,  4.061128,  0.616850,  1.805550,  1
3.920915,  5.854471,  3.394179,  0.551804,  1
0.081572,  8.409988,  -2.423903,  -3.605419,  1
-3.082345,  10.353342,  5.640246,  -4.811751,  1
-9.259374,  4.240802,  1.222512,  2.787957,  1
-2.752436,  8.300892,  3.690731,  3.607641,  1
4.532518,  4.515439,  -6.285980,  3.594817,  1
-6.291331,  2.236434,  -0.791411,  2.004160,  1
-4.766018,  -2.247134,  0.081351,  -3.733440,  1
2.095346,  2.351171,  4.815118,  5.973459,  1
4.720949,  7.350559,  0.908006,  1.290592,  1
-1.180247,  4.195579,  -4.295506,  10.745923,  1
7.492018,  -3.064595,  1.032807,  5.031897,  1
-3.841115,  4.470699,  1.103442,  2.051814,  1
2.965928,  1.903559,  2.505434,  6.482498,  1
3.707939,  2.920657,  -0.135712,  4.546797,  1
1.297213,  0.776256,  -7.568280,  1.748061,  1
5.203916,  4.956429,  -0.992475,  -0.687958,  1
1.541112,  3.676038,  1.363770,  -2.238949,  1
-2.785406,  4.704071,  -3.494776,  -2.475860,  1
4.475957,  2.520739,  -5.407012,  2.920407,  1
-1.539025,  2.863897,  -2.563710,  6.887904,  1
-0.708315,  0.763634,  0.806021,  1.712749,  1
4.988461,  4.178852,  2.130846,  -1.517105,  1
-0.680374,  5.752498,  0.364318,  0.846182,  1
-1.361244,  5.347049,  -1.294545,  -5.666468,  1
-6.424269,  6.298922,  11.109749,  0.962852,  1
0.975103,  -3.361094,  2.678303,  -1.725070,  1
-0.343411,  -1.589445,  -3.562716,  -5.656130,  1
1.137511,  8.765329,  -10.620049,  -4.224675,  1
2.805644,  3.776679,  -0.401419,  -1.439753,  1
4.554494,  1.860937,  1.926273,  5.489779,  1
1.653731,  -5.562132,  -6.785291,  -0.537989,  1
-5.219529,  -2.906087,  -0.591791,  -1.346784,  1
-0.988022,  -3.280260,  -4.945438,  -0.770543,  1
-1.996807,  -3.326703,  -0.577056,  -0.461816,  1
5.266714,  0.670472,  4.042566,  -2.388857,  1
-0.772035,  3.875506,  4.269602,  0.446723,  1
-2.702901,  0.200913,  -0.031071,  -6.892957,  1
4.566048,  -3.230036,  6.173405,  3.662452,  1
-0.490762,  2.555819,  4.202049,  4.002202,  1
1.984342,  -1.403450,  0.595126,  -1.270329,  1
3.783148,  6.443293,  0.907171,  8.354617,  1
-1.094322,  3.623500,  -7.411508,  -2.860059,  1
-2.881825,  5.650850,  -1.607365,  1.293356,  1
2.653216,  -3.944048,  5.465603,  3.968608,  1
-1.656656,  -6.094277,  6.738594,  4.519082,  1
0.565065,  0.009578,  -0.120038,  -3.115751,  1
-0.113395,  6.322567,  0.399697,  -4.106897,  1
6.654246,  3.623976,  0.176353,  -2.246266,  1
2.049235,  1.273975,  -0.698046,  -1.486382,  1
2.737393,  1.001192,  -6.735289,  0.533727,  1
5.244116,  4.190667,  -0.792347,  1.348393,  1
4.241964,  3.839806,  4.133906,  7.667067,  1
5.177716,  5.580746,  0.117640,  -5.365109,  1
4.911704,  5.926483,  1.318865,  2.717361,  1
-1.476571,  1.918872,  7.920776,  -3.730267,  1
-0.860116,  -1.662896,  1.677636,  -3.141086,  1
3.865051,  -5.876200,  11.217498,  -5.342989,  1
-4.414619,  0.703505,  -0.555074,  0.440117,  1
-1.937212,  3.018060,  4.929118,  1.874560,  1
-1.218180,  3.973576,  -2.837696,  -3.329676,  1
-0.169353,  4.148377,  -1.073748,  1.594116,  1
5.364474,  -5.534626,  9.078400,  6.528558,  1
-3.807846,  4.375398,  4.894268,  7.719500,  1
-0.312133,  1.735055,  0.668445,  4.561322,  1
4.070164,  8.631608,  1.969300,  -5.474654,  1
0.855503,  4.146959,  2.581019,  -5.891197,  1
-1.443349,  -4.695594,  3.800046,  -3.755931,  1
-1.147297,  -2.717397,  -0.195826,  -1.474335,  1
6.498897,  -2.072389,  2.260412,  -0.236845,  1
7.813304,  1.649091,  0.351961,  -0.406993,  1
-1.397286,  0.298796,  4.976943,  4.081542,  1
1.184699,  2.994666,  -0.704569,  3.207133,  1
3.829047,  2.019773,  1.673287,  1.385372,  1
-7.287147,  -3.370599,  -1.476835,  5.251151,  1
7.451535,  6.517881,  5.951009,  -1.306244,  1
-5.004580,  1.367219,  2.321561,  -3.013578,  1
-2.776893,  -2.326078,  2.027833,  -4.674454,  1
0.487362,  2.205078,  -5.187919,  -3.272878,  1
-0.172854,  1.661203,  -1.184160,  1.924790,  1
1.613628,  4.992707,  3.760737,  -3.041650,  1
1.771155,  4.405334,  -5.146580,  -1.715216,  1
0.876269,  1.096926,  1.312884,  6.438279,  1
0.129344,  0.431309,  1.342448,  7.213730,  1
-3.338922,  -0.912964,  9.876876,  2.463536,  1
-1.201755,  1.668420,  -0.256555,  2.611386,  1
0.154467,  -1.000763,  -3.937828,  1.271987,  1
-5.538542,  -1.042414,  3.312934,  -0.540827,  1
5.187260,  0.107375,  1.371143,  10.273782,  1
2.029385,  1.292277,  2.783168,  1.348412,  1
1.701876,  3.061997,  -0.447922,  0.858083,  1
0.783350,  -2.489508,  -2.221427,  -3.238691,  1
4.417315,  12.808806,  2.641516,  0.330079,  1
0.688298,  -4.655100,  2.117368,  10.878321,  1
3.865542,  3.404012,  2.848953,  1.526527,  1
-5.642485,  -1.196917,  8.503324,  0.443059,  1
1.676919,  2.056559,  5.445464,  0.709771,  1
0.670049,  -0.741971,  3.048606,  -3.776326,  1
2.299295,  7.597903,  -1.699494,  -0.795110,  1
2.148518,  -12.265136,  3.614892,  6.862611,  1
-2.606740,  -0.303884,  -5.776070,  5.174175,  1
1.857024,  2.328333,  -1.740711,  3.300860,  1
8.504445,  -3.346891,  -0.238660,  3.595615,  1
0.082216,  -6.104297,  0.627723,  -1.226153,  1
3.117469,  0.669833,  -3.840207,  -0.483705,  1
0.825315,  4.684981,  0.598072,  3.597884,  1
10.353100,  0.569636,  2.074199,  -3.304988,  1
-3.741714,  2.113276,  5.447242,  9.961724,  1
2.652721,  4.356529,  -0.801724,  6.557862,  1
-4.796248,  3.927521,  1.655574,  -6.862917,  1
9.113430,  -2.052971,  0.578945,  -1.028669,  1
-0.508721,  5.466020,  6.086382,  -1.192721,  1
1.197374,  4.912250,  3.684339,  2.227172,  1
-7.407021,  -6.484088,  3.378678,  5.628886,  1
6.296322,  -2.916414,  4.331214,  0.054541,  1
-0.209609,  3.149162,  5.630539,  4.832916,  1
3.301259,  3.870662,  -4.401553,  -3.417906,  1
2.026564,  -0.844827,  1.142231,  -1.157813,  1
0.092507,  2.726553,  1.460365,  2.566900,  1
-2.227522,  4.198035,  3.701426,  -2.890796,  1
-2.438812,  -1.371944,  3.940051,  5.124162,  1
0.316804,  -1.446009,  -1.046318,  2.176837,  1
4.197711,  2.344142,  3.259510,  -4.609554,  1
2.628238,  -1.685764,  8.180799,  0.051257,  1
-4.146590,  -8.956087,  2.555960,  -0.927906,  1
-1.798289,  -1.295954,  0.683264,  5.852842,  1
2.057647,  -1.184728,  6.884426,  -0.921466,  1
6.157580,  2.462243,  -7.403883,  3.207455,  1
-3.606085,  4.453068,  1.414967,  1.332546,  1
5.174972,  -4.176488,  0.687003,  2.019667,  1
-0.146533,  6.609646,  -0.344677,  1.603249,  1
-0.921233,  -1.455494,  -8.494527,  4.771140,  1
-2.909392,  -4.996483,  5.146196,  4.283481,  1
1.361770,  1.618021,  3.224451,  -0.606605,  1
-0.566203,  -0.733493,  1.616245,  -8.326496,  1
-9.332258,  -3.992737,  3.217296,  0.388582,  1
-0.662486,  -2.429435,  3.635903,  -0.384145,  1
4.637766,  4.332054,  4.139833,  -4.535836,  1
5.495546,  7.684923,  3.127843,  -1.016517,  1
-0.128549,  -0.089313,  2.853744,  9.479663,  1
0.191285,  2.383689,  0.725427,  5.297192,  1
-2.810365,  0.914220,  -0.750472,  -4.518277,  1
-5.898371,  -0.517747,  9.177069,  -3.682823,  1
0.976985,  -1.329124,  2.518268,  -5.530693,  1
-3.691117,  -0.683965,  11.637105,  -2.466361,  1
-6.463783,  3.265682,  1.252310,  -4.322107,  1
5.932718,  0.970903,  3.506528,  -1.311695,  1
-0.301600,  3.296255,  -1.384666,  -2.349465,  1
0.334107,  -0.574167,  3.613357,  10.416481,  1
0.780066,  5.809931,  3.855416,  3.881165,  1
5.969402,  2.149498,  2.838324,  -0.972205,  1
-1.882925,  -2.822588,  2.729339,  4.798718,  1
-0.367931,  1.009370,  5.864069,  1.014738,  1
-4.056994,  3.273681,  3.721953,  0.945962,  1
-1.793001,  -6.477123,  -2.940104,  -1.544248,  1
2.147787,  1.419140,  -0.407314,  -9.521010,  1
-0.474216,  2.608975,  0.272789,  3.269764,  1
-3.841850,  5.403325,  -7.885224,  -4.388060,  1
1.894588,  5.154561,  2.833175,  -4.101227,  1
-0.365206,  -1.834658,  0.956961,  3.085223,  1
-1.686667,  1.077921,  -1.365308,  -4.301515,  1
-0.854669,  -3.153221,  6.229625,  6.027620,  1
-6.354563,  -1.889802,  6.272011,  0.205811,  1
-3.115036,  1.326459,  -2.391735,  3.784658,  1
-4.079467,  -1.275996,  2.451873,  1.012714,  1
1.767583,  -4.286461,  -4.424317,  -2.416495,  1
-9.220413,  4.528207,  2.063724,  1.612046,  1
-4.405477,  -6.132440,  -0.010034,  5.496291,  1
0.863244,  -9.416290,  2.615990,  0.912592,  1
4.442763,  1.615520,  10.515849,  4.785639,  1
-4.359256,  -2.391308,  -2.297222,  2.143903,  1
7.547771,  -5.607093,  2.141810,  3.429124,  1
6.134134,  3.528149,  -3.245109,  -7.401366,  1
7.585147,  3.181316,  3.310486,  -3.884421,  1
-4.412851,  -0.153256,  10.557275,  -1.427125,  1
-3.248745,  4.789532,  7.624709,  -2.546942,  1
7.065451,  4.791609,  2.210075,  -2.724866,  1
-6.609815,  -5.070434,  5.330373,  -0.452647,  1
3.392669,  -1.179475,  1.076103,  4.134303,  1
1.212004,  3.465369,  4.074158,  0.462561,  1
0.174537,  8.043514,  6.378554,  -3.557224,  1
6.253842,  1.442014,  4.100825,  5.182023,  1
-0.903795,  7.170974,  -2.030676,  11.636758,  1
6.122962,  -3.422699,  -2.512189,  5.948905,  1
-4.690119,  1.154868,  -5.494869,  -1.530135,  1
-0.237130,  4.368115,  7.046113,  1.918877,  1
0.081072,  -2.956467,  0.427223,  -1.444510,  1
-2.495583,  -0.770303,  10.122017,  2.183210,  1
-6.049414,  7.562600,  6.937006,  -6.847697,  1
4.908909,  -0.739277,  2.520639,  4.127322,  1
4.822225,  3.678965,  3.677833,  -2.896943,  1
5.967596,  6.744645,  4.277930,  -0.234344,  1
2.218491,  1.555485,  -2.150471,  -1.312685,  1
-3.208121,  3.687041,  -1.671165,  -1.029620,  1
-1.940317,  -3.218015,  -6.142608,  3.844437,  1
-2.533899,  6.281334,  -5.820602,  -5.388176,  1
-0.573401,  -2.359149,  2.122720,  3.635244,  1
2.790438,  -1.506147,  -1.335410,  2.619036,  1
-3.660471,  5.218590,  -5.437136,  0.709593,  1
1.598857,  1.558276,  2.399353,  -1.407242,  1
6.049821,  7.785741,  5.247174,  -6.219767,  1
3.601436,  -10.663883,  -2.909113,  0.636264,  1
0.006592,  -1.862956,  -1.454025,  3.218764,  1
0.285006,  -3.163666,  3.437874,  -1.425023,  1
-5.588957,  8.069292,  -2.404450,  -0.008336,  1
2.555094,  -3.345065,  -3.090045,  4.885779,  1
2.474649,  -0.707014,  2.020196,  -2.443838,  1
-0.321956,  6.265839,  8.424803,  -1.753110,  1
6.059032,  4.431199,  -0.814997,  0.833224,  1
9.772478,  2.204648,  -1.239500,  -1.772452,  1
-1.333237,  -0.680589,  -4.593770,  9.375929,  1
4.068984,  2.603205,  1.070023,  3.789570,  1
-1.068098,  -0.291531,  2.939925,  -1.462788,  1
2.687050,  0.539838,  -3.333310,  4.521476,  1
3.086429,  -0.320383,  1.403845,  0.810629,  1
0.426691,  -3.627265,  1.420204,  -2.323803,  1
0.383790,  2.589700,  5.558495,  3.671785,  1
-0.455675,  -1.534112,  2.263263,  -3.909998,  1
-1.061001,  6.047300,  9.834706,  -5.929398,  1
0.029876,  0.140808,  0.770676,  -4.452657,  1
2.524194,  -4.237696,  1.427018,  7.433788,  1
-1.247966,  -0.827550,  1.266913,  -3.496952,  1
0.725258,  8.118666,  2.587457,  -4.882297,  1
0.633955,  -2.267573,  -3.237504,  -2.671219,  1
6.029908,  0.832471,  -1.407549,  1.955320,  1
6.127733,  10.179616,  8.235678,  3.554212,  1
-2.570547,  -2.543787,  -0.410708,  3.782036,  1
-1.668777,  0.769543,  -6.507359,  1.914599,  1
1.870992,  -0.594010,  5.887428,  -2.755412,  1
3.428973,  1.710504,  -4.073217,  0.257167,  1
-1.361101,  1.458892,  -4.042655,  7.693368,  1
5.370169,  2.442244,  0.585870,  6.314210,  1
-0.160122,  4.862512,  -5.444951,  1.647612,  1
-2.522414,  4.737483,  9.767370,  3.027985,  1
5.166693,  -0.236571,  -0.374708,  5.391344,  1
4.084514,  1.829328,  -6.286781,  -5.293035,  1
2.991068,  3.722095,  0.735166,  1.416104,  1
0.019253,  -4.202921,  -6.054459,  7.702774,  1
7.831938,  1.358586,  -7.565694,  -3.511079,  1
2.836857,  -3.919883,  -1.400596,  1.951477,  1
5.048046,  3.519765,  -0.649705,  5.332688,  1
3.733842,  2.100145,  -0.854657,  1.067715,  1
5.006843,  3.412943,  -2.808078,  0.386602,  1
0.945577,  -1.865465,  -4.475211,  4.908466,  1
-0.764605,  -5.578742,  -8.456784,  -4.751688,  1
-2.154082,  -4.538856,  0.091698,  -5.521477,  1
0.381787,  3.167045,  6.993807,  -5.134610,  1
0.194676,  7.213556,  0.020804,  -0.838659,  1
1.130207,  -4.211726,  -1.372908,  8.526773,  1
4.056932,  1.405918,  2.442724,  4.271667,  1
1.523509,  -3.214187,  -2.449249,  3.287326,  1
-1.332649,  -0.458966,  -7.251061,  2.053647,  1
4.114465,  5.633391,  -6.454603,  1.260534,  1
0.395119,  6.027372,  9.645160,  -1.635827,  1
7.784141,  -2.657783,  6.878128,  -0.446796,  1
3.152128,  -1.396282,  3.960202,  6.692189,  1
4.855453,  4.055927,  4.816052,  1.865103,  1
-1.781275,  -1.185575,  -1.571142,  -0.845342,  1
1.382441,  -0.634189,  2.347113,  0.826029,  1
8.154347,  -2.008675,  7.233905,  1.940055,  1
-0.936022,  7.217394,  -0.857673,  -4.017671,  1
3.674759,  0.244945,  5.169518,  -8.036318,  1
-2.799175,  -4.564417,  2.003701,  7.073221,  1
9.288058,  0.997215,  0.378680,  2.100475,  1
8.815557,  0.598320,  6.000120,  9.629503,  1
3.407783,  -3.382115,  6.532944,  -1.043779,  1
0.183346,  6.273159,  5.081382,  -1.785209,  1
3.898472,  3.490097,  -4.840684,  -4.712493,  1
4.010511,  2.767627,  3.471847,  1.908467,  1
-4.168652,  6.841924,  7.523264,  2.273901,  1
2.904994,  -4.639471,  8.198337,  -2.979218,  1
-4.243394,  5.377662,  -3.689288,  8.137532,  1
2.670924,  5.195752,  -7.106450,  -2.912505,  1
0.005668,  -7.685933,  4.054293,  5.040826,  1
2.847816,  1.889041,  -0.671040,  2.229875,  1
-5.327532,  -2.368812,  -5.169964,  -0.446279,  1
3.077969,  -5.149504,  2.850209,  4.121324,  1
-1.552831,  -2.183302,  6.270579,  -5.014970,  1
4.008098,  -1.379566,  5.858342,  2.892541,  1
0.157680,  0.546459,  0.176725,  3.795108,  1
1.160033,  -2.663164,  -8.253068,  1.321569,  1
-11.128617,  -0.004379,  1.431856,  -8.082972,  1
-2.078549,  -6.147366,  -0.587315,  -2.800675,  1
5.239076,  0.234878,  -3.356378,  0.721514,  1
3.537352,  -5.299566,  3.160175,  -1.442961,  1
4.659400,  0.230170,  7.794586,  -0.600460,  1
1.557630,  1.895414,  -2.175385,  -6.474891,  1
-1.942954,  -0.609170,  1.985179,  2.168959,  1
0.376729,  5.311097,  -4.117074,  8.853184,  1
-3.446473,  2.836065,  1.853915,  -0.036463,  1
0.787289,  1.531916,  -9.470695,  4.232603,  1
2.697067,  -0.373892,  0.639510,  -4.015389,  1
-0.998168,  6.931480,  0.468158,  -2.540836,  1
3.749654,  0.947622,  2.625104,  5.650933,  1
3.701522,  1.520997,  1.486512,  1.215218,  1
-5.174126,  -4.249935,  -3.396143,  8.927366,  1
0.520974,  11.561800,  3.464421,  -4.044681,  1
1.377426,  -0.517382,  -2.794383,  3.971102,  1
-2.349327,  -1.467606,  9.737591,  6.054733,  1
0.953172,  6.927928,  -8.966151,  2.401763,  1
7.227677,  4.838210,  0.618809,  -4.574304,  1
5.197473,  -0.469757,  1.704209,  1.304509,  1
1.599984,  5.793521,  -1.887021,  -0.803842,  1
1.271510,  4.363317,  -3.750864,  3.532847,  1
-0.828946,  -7.281131,  -0.481299,  3.297068,  1
2.784940,  -5.624197,  1.639162,  -0.296912,  1
-2.715206,  5.503577,  -2.065885,  0.421195,  1
-1.277542,  -1.531165,  -3.229797,  2.318430,  1
4.846828,  2.825133,  2.566577,  -6.898757,  1
3.779685,  3.456687,  0.644124,  11.608458,  1
2.035719,  2.078390,  -10.181745,  9.041450,  1
2.862640,  6.337425,  -2.099864,  -2.282612,  1
-1.414146,  -1.229811,  1.464899,  -0.909076,  1
1.178888,  -2.597607,  4.600527,  -3.105803,  1
6.638864,  6.505935,  4.711075,  1.267644,  1
-3.579912,  2.191721,  -5.256955,  -1.373612,  1
1.980725,  -8.332228,  5.042979,  1.707442,  1
-3.453529,  4.368910,  -4.165097,  3.852968,  1
1.151505,  1.338384,  0.619952,  -2.347689,  1
-1.061015,  0.975953,  -3.809801,  7.474173,  1
0.592858,  -2.163964,  5.020103,  -0.092715,  1
4.308390,  2.432035,  4.969598,  0.389030,  1
-1.234463,  -0.142008,  6.132529,  3.824068,  1
-6.239236,  -1.429034,  -4.057083,  5.212418,  1
-0.228275,  3.274092,  2.312468,  -1.139333,  1
1.677336,  -3.937285,  -2.761263,  7.040796,  1
-3.851277,  -1.463796,  1.381076,  -2.109989,  1
4.362926,  -3.370428,  1.979422,  1.672919,  1
-7.560814,  1.703551,  9.642595,  -3.282012,  1
1.753404,  -3.094004,  4.735566,  -8.472762,  1
-6.062524,  3.578466,  0.493741,  1.181274,  1
-2.474744,  2.738737,  -1.403907,  -1.454525,  1
1.105019,  9.653734,  -0.060440,  -0.065517,  1
3.380457,  13.738445,  -0.887538,  6.531123,  1
-0.480544,  1.003290,  4.436110,  -1.899276,  1
2.687022,  0.628638,  -1.914720,  3.289073,  1
1.163061,  1.280537,  -3.772022,  3.063749,  1
-0.808917,  -3.000013,  3.758010,  -6.541437,  1
8.713036,  4.813361,  5.734695,  0.426032,  1
3.695015,  1.235908,  4.013908,  4.929519,  1
4.691863,  -0.909847,  0.050313,  3.410809,  1
-0.793782,  7.263707,  3.966440,  -10.894217,  1
1.591882,  3.035976,  0.311577,  0.358055,  1
1.962701,  2.184855,  1.484216,  -3.583385,  1
2.502681,  2.604960,  -0.159380,  4.633449,  1
-4.443861,  -5.349273,  0.263272,  2.894386,  1
-5.281886,  3.604196,  4.077970,  -0.980603,  1
3.523352,  1.903090,  0.123679,  1.970001,  1
3.467847,  -4.355936,  3.463787,  -1.249383,  1
2.477720,  0.687763,  -4.734164,  -2.650040,  1
2.060970,  4.726707,  -1.618697,  -4.274641,  1
-3.962792,  6.122996,  1.055473,  -1.072043,  1
-4.869378,  0.281992,  -2.638639,  -0.011384,  1
1.169396,  1.118053,  -2.281104,  1.519748,  1
-2.672188,  1.812809,  14.375297,  -3.758905,  1
-0.885600,  0.343820,  -0.797062,  -0.394920,  1
-6.389365,  4.571442,  0.544429,  -2.418089,  1
1.172255,  -2.961528,  -1.582243,  -3.710286,  1
-0.184759,  -0.135176,  -3.520938,  -5.476869,  1
-2.134216,  2.789223,  -6.199828,  -1.242318,  1
2.931033,  -0.995636,  -8.717034,  0.395751,  1
-2.783995,  -1.702601,  7.188349,  2.599293,  1
7.065803,  3.047372,  0.291245,  -0.368790,  1
-7.034804,  3.610086,  -0.257026,  -1.914506,  1
-3.372924,  6.655278,  -2.407266,  -0.981950,  1
3.099959,  -2.320170,  0.932138,  4.956144,  1
1.635363,  0.545445,  1.526850,  -8.059194,  1
1.739050,  -4.364786,  3.037875,  -6.615626,  1
0.416644,  -6.233675,  -0.767669,  0.976526,  1
-3.428172,  -0.760734,  -1.614113,  4.670546,  1
-7.489884,  -2.289558,  -2.019087,  5.177276,  1
-2.483240,  -2.384992,  1.043099,  -1.996555,  1
-1.969621,  1.603926,  6.437415,  -2.888213,  1
0.267607,  -3.348550,  3.892329,  0.892445,  1
-0.600882,  0.176397,  0.945180,  2.783426,  1
-4.752356,  0.686954,  -2.969008,  4.027620,  1
-5.293379,  1.340982,  -0.912959,  8.712437,  1
-3.632681,  0.221757,  3.414606,  1.671647,  1
-3.242568,  -0.141449,  6.533276,  2.447439,  1
11.172503,  -1.193487,  -0.934477,  -2.166252,  1
2.302584,  -1.198799,  -1.621301,  5.019142,  1
-0.138517,  -0.100040,  -0.572598,  2.899475,  1
-5.292289,  1.051321,  1.323621,  -3.693486,  1
6.205691,  0.262704,  -0.385010,  5.879313,  1
-2.431448,  7.702947,  -2.273856,  1.800959,  1
-0.455335,  6.014122,  5.297241,  -3.238223,  1
3.811302,  0.273850,  2.139133,  4.864804,  1
3.916035,  0.131054,  -1.947060,  -4.751778,  1
3.917040,  -0.349323,  4.327181,  2.176662,  1
6.248215,  -6.182662,  -1.017371,  -0.253602,  1
0.740037,  -0.556501,  -1.752842,  2.543553,  1
-3.445919,  5.632805,  1.107185,  -2.593294,  1
4.880532,  -0.193506,  2.855400,  2.866909,  1
1.889115,  6.887010,  0.696539,  0.766873,  1
-0.383790,  3.349071,  7.471383,  1.861427,  1
-6.162489,  1.947300,  7.180035,  3.666769,  1
-1.923088,  -0.730318,  6.755993,  0.529940,  1
-1.060462,  2.152589,  9.244701,  2.896523,  1
5.224911,  -1.593046,  -5.363121,  0.175641,  1
-2.209980,  -2.871657,  5.415156,  -0.716685,  1
-0.934559,  4.338601,  2.562509,  -0.479344,  1
-2.189916,  -1.475803,  5.195178,  7.309263,  1
2.043283,  -0.526135,  7.526690,  0.678750,  1
3.750369,  -5.470601,  -3.091408,  4.891087,  1
-5.110739,  -3.262138,  1.255847,  -0.428585,  1
-5.640435,  8.819919,  3.076428,  -1.201140,  1
4.641419,  -0.775508,  3.009635,  1.247368,  1
-1.289428,  1.021748,  1.795444,  -1.279170,  1
3.517723,  2.303831,  -1.431489,  1.896025,  1
4.506971,  2.887000,  3.804290,  -2.028942,  1
-1.008757,  -0.349086,  1.710867,  -2.279279,  1
6.434054,  -1.096762,  -1.555304,  1.761621,  1
-2.085796,  -1.503793,  12.905433,  8.025550,  1
3.256226,  -5.702891,  5.788622,  1.980296,  1
1.847876,  -4.118381,  -5.446756,  1.731509,  1
-6.176319,  3.350998,  -5.850165,  3.979784,  1
1.307912,  3.691051,  2.481177,  -5.150692,  1
-4.128740,  -0.692678,  2.661553,  -2.045710,  1
-5.749116,  -4.800049,  0.667999,  1.691931,  1
-2.704823,  -2.734233,  -0.177660,  -0.521922,  1
-5.844116,  -3.218598,  -7.202214,  3.802442,  1
-4.898734,  3.799107,  -2.960777,  -2.862334,  1
-4.121248,  10.129813,  6.671380,  0.772301,  1
5.895622,  2.003239,  2.201385,  2.734646,  1
1.342179,  3.839193,  -7.329585,  -2.392563,  1
5.417450,  4.250766,  0.352455,  -3.221153,  1
5.493639,  2.100975,  -1.285622,  2.426634,  1
4.468031,  1.016867,  6.330581,  2.053364,  1
2.477242,  3.849480,  -5.060557,  -1.496725,  1
-4.771181,  5.301836,  -2.320539,  4.078226,  1
-0.026158,  2.750161,  6.568207,  -6.492291,  1
5.852334,  -0.682416,  0.869424,  -4.748269,  1
2.978725,  2.619590,  2.438555,  6.951163,  1
3.413014,  1.770972,  4.869383,  0.816131,  1
-7.113408,  -4.412413,  -1.368090,  -1.820612,  1
0.779029,  3.826873,  1.294226,  -3.214707,  1
-3.145587,  6.423175,  0.226780,  10.308681,  1
1.230012,  4.384412,  -2.217941,  2.655491,  1
-4.226562,  -5.009178,  1.589634,  -4.727945,  1
-1.325286,  -1.713234,  -5.675283,  8.150449,  1
6.036150,  1.631009,  6.368523,  -2.159256,  1
2.968940,  2.898021,  -1.894353,  3.138262,  1
0.765822,  -3.081694,  3.355097,  3.748768,  1
8.306523,  -0.376360,  0.827222,  -4.499871,  1
-4.696238,  0.719218,  5.390051,  -0.140653,  1
3.574517,  5.480415,  0.313027,  4.066468,  1
-0.680924,  4.171976,  0.907562,  0.675441,  1
2.947576,  7.661137,  2.398793,  1.167644,  1
4.753947,  -0.674816,  3.460515,  -0.446820,  1
2.099637,  1.384973,  0.509659,  3.370825,  1
-0.881777,  -0.391244,  -1.933687,  -5.071552,  1
5.837173,  6.162937,  -1.480408,  -2.248122,  1
-3.579809,  -0.026777,  3.114391,  -5.212510,  1
-2.089089,  6.345686,  -2.726372,  -5.189001,  1
-2.768157,  1.084781,  -5.411837,  6.705200,  1
4.338335,  -4.904477,  6.314283,  8.049998,  1
2.568743,  0.213578,  -2.116984,  2.603230,  1
1.486931,  5.983794,  3.041277,  0.102033,  1
-8.552616,  1.282341,  2.197541,  -0.747470,  1
2.053393,  1.874441,  8.133486,  1.426535,  1
-3.881447,  11.734205,  -0.744825,  4.096999,  1
-3.887371,  2.655430,  -4.564148,  1.598748,  1
1.432306,  0.236458,  -1.010852,  5.506522,  1
4.021824,  -6.305587,  -2.503351,  4.845278,  1
1.344514,  -5.140306,  5.545833,  -1.739117,  1
-5.218023,  6.969513,  3.808427,  5.514811,  1
-2.960457,  0.183118,  2.153604,  -2.095030,  1
3.882938,  2.191621,  5.632335,  1.359684,  1
-0.924800,  1.888501,  3.009266,  10.165571,  1
-0.261318,  0.747051,  0.572680,  -5.736639,  1
-0.982947,  -2.022327,  1.353270,  6.178416,  1
-2.033956,  4.011302,  9.134402,  0.299408,  1
-0.086388,  -5.800322,  3.947694,  -1.984737,  1
1.142916,  -2.802562,  -4.508358,  1.267013,  1
-1.360371,  4.832293,  2.777234,  -2.472342,  1
0.979952,  -1.333324,  -4.705422,  -5.264444,  1
4.280629,  2.367972,  0.227228,  0.322192,  1
3.123645,  -1.829901,  3.280511,  3.532617,  1
-1.052962,  2.419345,  -0.451480,  7.530359,  1
2.336852,  6.443094,  5.952926,  3.537480,  1
-0.848440,  7.332174,  2.782422,  10.285267,  1
-5.831791,  -3.223184,  10.551213,  4.648301,  1
-2.188682,  -0.103378,  3.525975,  3.970470,  1
4.376631,  1.615387,  9.611247,  7.050310,  1
2.666925,  1.374372,  -8.152264,  -2.393452,  1
0.814104,  1.872954,  4.135184,  5.921089,  1
-3.301389,  -1.886094,  -4.051586,  6.621518,  1
5.750902,  0.727745,  -0.778532,  4.532478,  1
4.198947,  3.454468,  3.354794,  0.334688,  1
0.545135,  -1.554884,  -0.055316,  -1.115124,  1
0.190479,  -2.352724,  -4.397272,  -0.677380,  1
-5.567578,  -5.886155,  0.630619,  -1.255151,  1
-0.252999,  -2.636644,  3.598798,  -0.093056,  1
-3.515467,  -3.984292,  4.187182,  2.225207,  1
-2.933018,  2.881243,  4.738338,  3.811586,  1
-0.592657,  -2.299739,  0.202724,  2.639434,  1
1.806872,  3.654529,  -0.944533,  -2.450335,  1
5.591849,  8.027910,  2.536769,  3.000482,  1
0.236094,  -8.034072,  2.223301,  6.040901,  1
0.705560,  -4.041219,  5.963464,  -2.610389,  1
2.249793,  0.352671,  -0.692732,  7.255096,  1
3.426312,  1.344622,  -4.761913,  -1.264496,  1
2.647563,  0.443957,  -0.299905,  0.461986,  1
-4.799512,  0.211296,  1.975729,  -4.064272,  1
0.948679,  1.011720,  -5.549708,  2.837272,  1
7.390464,  -4.304336,  2.153128,  -0.376672,  1
2.594657,  -6.087718,  2.494270,  -1.251833,  1
2.702001,  4.461457,  0.657919,  -2.701640,  1
-3.787824,  -2.746347,  -3.583104,  1.023437,  1
-4.564874,  3.646785,  -1.898772,  1.898280,  1
0.232740,  1.715786,  -3.865220,  -9.158947,  1
6.272233,  1.610122,  5.424879,  -0.423215,  1
5.768075,  -0.043611,  3.480135,  0.596593,  1
-1.829166,  1.211579,  2.897676,  -2.600128,  1
-2.955058,  4.304028,  -3.641417,  3.184828,  1
1.823509,  -4.325040,  -4.244866,  -0.259117,  1
-3.296470,  0.806148,  -6.121496,  -3.729879,  1
-3.257662,  3.246791,  -1.850440,  -1.742386,  1
1.156861,  0.315813,  4.454309,  -3.825518,  1
4.381072,  -6.438995,  -7.691264,  1.114129,  1
1.508530,  7.490352,  -2.472817,  1.975301,  1
0.428651,  9.255786,  0.054831,  -7.244136,  1
4.362788,  0.806858,  2.450389,  -0.964379,  1
0.677824,  -2.899529,  -1.850453,  6.325720,  1
3.398335,  3.511690,  -1.497242,  -3.816903,  1
2.755136,  4.292323,  3.807848,  -6.638614,  1
-4.215835,  -7.727017,  3.177978,  -0.143832,  1
5.607164,  2.015700,  1.752336,  8.017628,  1
11.894864,  0.058747,  3.963278,  5.309189,  1
-3.650415,  4.323413,  0.628015,  0.073802,  1
-0.174324,  0.905358,  4.280203,  4.477879,  1
-5.740182,  0.248562,  -3.668529,  -3.222095,  1
-5.568452,  2.971619,  5.178767,  2.586277,  1
0.955289,  -3.694085,  3.543410,  1.757805,  1
8.357594,  -1.375841,  9.574872,  0.983203,  1
-2.222555,  1.078202,  2.790901,  4.838401,  1
5.451318,  -3.515616,  -0.340200,  9.106627,  1
5.426597,  0.225421,  0.398348,  0.841471,  1
-0.270885,  -5.439467,  2.313840,  8.307199,  1
-2.952683,  2.991805,  -0.899479,  -2.174279,  1
-0.798946,  3.929312,  6.734764,  6.232757,  1
4.185939,  4.846014,  3.813503,  -1.479624,  1
4.690747,  -0.184618,  0.925382,  -1.263322,  1
-1.504311,  0.072873,  0.115188,  0.700090,  1
7.432257,  3.478201,  1.501519,  -3.160361,  1
0.341457,  7.681782,  -4.929406,  -1.792635,  1
-2.141412,  0.150016,  0.591498,  6.714342,  1
6.241353,  -4.629910,  -2.214550,  8.509621,  1
-0.846557,  0.784701,  1.965857,  3.720671,  1
8.939338,  3.112616,  -2.537088,  7.365440,  1
12.921660,  2.896940,  5.181610,  -2.060618,  1
-4.550434,  -5.017395,  4.008457,  2.228740,  1
6.196021,  2.077200,  3.286093,  -3.320639,  1
2.662750,  6.139532,  1.227435,  3.255957,  1
-4.243474,  5.892996,  0.626230,  3.524806,  1
1.992179,  4.912134,  -3.192329,  -3.015858,  1
0.174221,  1.091597,  -3.082447,  4.115236,  1
4.850269,  1.484917,  2.023235,  -1.069758,  1
-0.201658,  3.846673,  -2.323906,  3.781901,  1
8.458562,  -1.921598,  -6.991539,  2.023876,  1
-1.960072,  -3.491616,  -5.135667,  4.482056,  1
4.587644,  -1.939597,  2.854006,  1.067982,  1
4.367718,  1.402416,  -1.930330,  3.632684,  1
0.030537,  -1.095632,  -1.170535,  8.212749,  1
2.111861,  2.586631,  -1.148167,  -5.908446,  1
-0.780553,  4.846013,  -6.975154,  2.637896,  1
9.972984,  -0.857448,  2.470584,  -1.155853,  1
1.658362,  -1.241152,  5.154509,  -1.573600,  1
-2.841976,  -6.105419,  -2.354276,  -2.612940,  1
2.797757,  2.430093,  -4.682028,  10.045092,  1
4.247094,  -1.080415,  1.046442,  -4.527021,  1
-2.432283,  5.688226,  0.795008,  -0.230884,  1
0.927582,  1.384603,  3.499029,  6.662748,  1
-7.393768,  3.526308,  -4.447254,  1.757221,  1
5.422118,  2.119304,  1.361914,  0.664051,  1
-0.577157,  0.080747,  6.685600,  4.464642,  1
1.015170,  0.128008,  -1.927713,  -1.510994,  1
7.055514,  0.278372,  1.912186,  8.445810,  1
-1.884133,  -0.589126,  -0.504175,  1.220140,  1
2.673159,  3.609659,  3.111322,  1.228028,  1
-2.769526,  -4.159638,  -2.397140,  1.844186,  1
0.061992,  1.727148,  5.722101,  -2.033483,  1
5.825148,  2.203318,  -0.374702,  -3.384462,  1
-2.416452,  2.782518,  -0.033766,  3.172648,  1
6.268288,  2.875948,  -0.396920,  1.055070,  1
9.244991,  2.707882,  3.102950,  1.432968,  1
-6.971897,  0.687515,  -3.085572,  -6.935494,  1
5.945724,  0.720689,  -2.090084,  0.954238,  1
0.274124,  0.222433,  6.918584,  4.099531,  1
0.538785,  1.005173,  7.700469,  1.853960,  1
-6.448755,  8.026819,  -6.987245,  -1.177095,  1
-4.585294,  -4.726606,  1.143546,  -6.899994,  1
1.558280,  1.037694,  -3.417188,  5.857559,  1
-1.587677,  -2.088584,  1.391679,  4.588860,  1
-0.767944,  2.022039,  6.316387,  0.406547,  1
7.395413,  4.663188,  0.942179,  0.296284,  1
-1.291429,  1.786226,  -1.114921,  2.933199,  1
-4.651941,  10.699116,  -4.275632,  2.065662,  1
11.129928,  -2.912804,  1.973461,  -4.403200,  1
-5.539869,  2.477969,  1.902211,  1.495996,  1
1.938373,  5.224306,  1.371757,  2.311967,  1
5.741481,  1.540167,  1.002226,  3.645857,  1
0.951861,  -1.394410,  -2.710689,  2.996464,  1
-2.706443,  -7.665249,  6.579578,  2.589646,  1
-8.420205,  4.757428,  1.043616,  2.958098,  1
4.646214,  3.703661,  4.797961,  5.849735,  1
-3.371727,  -7.254373,  -3.110395,  6.382581,  1
0.800548,  0.982499,  1.947278,  -2.535263,  1
-2.305113,  4.411536,  -2.720681,  3.999224,  1
2.706267,  2.860612,  -0.600203,  2.852361,  1
-4.871670,  -6.096813,  -1.943880,  -3.719407,  1
-4.653238,  -1.193383,  6.326156,  -1.140363,  1
-0.635355,  -5.426699,  2.574985,  3.686274,  1
2.267807,  -6.384436,  1.318524,  -4.203052,  1
-1.872557,  2.430295,  0.779161,  4.752082,  1
-7.325286,  -0.425221,  5.194855,  -2.908714,  1
3.312404,  1.511436,  -0.723713,  1.543007,  1
0.222780,  -0.060664,  -5.047601,  2.008483,  1
-1.640146,  -0.656982,  -2.677055,  -2.805079,  1
7.889966,  2.883058,  6.679795,  -7.657466,  1
-1.750578,  -7.293198,  -0.738890,  -1.913516,  1
1.002996,  4.797047,  2.274604,  -5.626821,  1
-1.321874,  -1.992425,  -6.736750,  1.513587,  1
-1.205258,  0.098619,  3.106722,  3.135258,  1
10.335430,  -6.677133,  0.252843,  4.333175,  1
1.117725,  -1.977684,  -0.790552,  -1.785524,  1
-3.897706,  0.013914,  -4.615898,  -3.674579,  1
5.757587,  -2.779763,  6.628978,  0.490412,  1
3.222049,  -6.784756,  2.924697,  -1.044576,  1
-5.693972,  4.601695,  1.661614,  5.269709,  1
-2.617119,  3.518335,  2.532695,  -4.074522,  1
-3.734745,  2.960655,  6.704470,  1.871719,  1
1.550058,  1.066578,  -1.608580,  -5.831045,  1
1.156446,  1.127297,  -4.864558,  3.133648,  1
7.360690,  0.580979,  -6.956677,  3.995708,  1
0.689079,  -5.661072,  -1.839567,  3.341860,  1
3.145093,  2.089730,  0.377107,  -4.214546,  1
1.832893,  8.521444,  1.905330,  2.981537,  1
8.001771,  -0.329782,  3.236356,  -0.725658,  1
-2.037862,  -0.656915,  -1.413473,  -1.017380,  1
5.833200,  -8.344899,  -0.455402,  -0.311757,  1
-3.866744,  3.316002,  -1.192858,  -0.343614,  1
1.272345,  5.337285,  -4.418704,  -1.614060,  1
-4.695284,  3.124641,  -2.520348,  2.659368,  1
0.119657,  1.783506,  3.185327,  6.085401,  1
3.457480,  -0.539310,  3.631124,  -1.609522,  1
-0.856660,  3.663375,  3.083212,  -1.171258,  1
-0.659278,  3.508545,  -1.107423,  -2.640112,  1
3.062246,  -2.319946,  1.110315,  5.160752,  1
1.954722,  3.367132,  7.683458,  2.757412,  1
6.702822,  0.588795,  -0.814860,  6.449852,  1
3.722315,  -0.633001,  4.615140,  11.162061,  1
-1.881496,  -5.425078,  -0.367034,  5.379715,  1
-4.256770,  3.342088,  -1.205017,  1.251373,  1
0.087498,  5.275764,  -0.171950,  -3.015579,  1
-4.495037,  5.779362,  -0.232432,  -0.279736,  1
-3.501209,  -1.787908,  9.368177,  -3.625492,  1
1.606594,  -7.005795,  -8.659255,  1.764610,  1
4.912226,  5.769011,  2.038583,  2.871836,  1
4.895847,  -6.240400,  5.481277,  2.492696,  1
-6.829593,  -1.561901,  2.422197,  2.703393,  1
-6.552310,  4.894271,  -2.180471,  4.702416,  1
3.091779,  7.312885,  -1.528745,  3.743066,  1
2.684468,  3.039112,  3.056831,  4.474360,  1
2.411797,  -5.024287,  8.343300,  5.280521,  1
2.681099,  -2.460353,  3.666517,  7.396408,  1
1.546138,  1.278988,  -1.053859,  2.557849,  1
-4.356060,  2.721275,  -0.541634,  2.461886,  1
1.503745,  -1.018020,  3.118860,  0.446570,  1
4.885083,  -3.971922,  1.590490,  2.346544,  1
1.607039,  -2.064728,  5.140459,  5.361819,  1
-1.381334,  3.900344,  -1.688855,  -3.226296,  1
0.155097,  6.009795,  1.899510,  1.952428,  1
6.085946,  4.072556,  1.762277,  1.985470,  1
6.444753,  0.418785,  -1.022937,  6.604773,  1
9.254780,  6.858336,  5.210465,  -0.745860,  1
-1.642530,  -1.715277,  -4.265112,  -3.507088,  1
1.325152,  2.524753,  8.574634,  6.253927,  1
-1.620360,  0.681319,  3.811763,  1.400898,  1
8.663011,  0.636592,  4.642121,  -4.335606,  1
-1.961884,  3.813102,  6.050247,  -0.616877,  1
4.854624,  2.100105,  2.941914,  -1.245194,  1
2.036385,  -6.279528,  5.540785,  1.555005,  1
-3.780896,  0.804450,  -1.028615,  -0.182124,  1
-1.580906,  1.810293,  2.975887,  5.991035,  1
0.760735,  4.453994,  0.368908,  -6.813300,  1
5.168921,  4.094781,  2.253566,  2.223603,  1
3.256812,  -0.760984,  -0.150818,  5.257862,  1
4.683872,  9.019833,  -2.642137,  4.976846,  1
3.281604,  -0.250709,  -3.553760,  0.534967,  1
1.027447,  2.395319,  4.038355,  6.616918,  1
-0.233795,  3.716253,  4.969945,  2.430062,  1
-0.782215,  -0.171739,  -0.851409,  -1.337856,  1
-1.787208,  3.730398,  6.599612,  -2.603916,  1
7.103492,  2.561424,  -2.890426,  8.074804,  1
-0.779345,  5.745015,  -2.145511,  1.060600,  1
3.835118,  3.848050,  -2.758136,  1.183724,  1
-2.944868,  0.168908,  0.890891,  -1.922354,  1
5.399759,  5.686034,  5.164500,  5.329800,  1
1.217310,  1.894427,  3.563090,  5.362833,  1
-1.760205,  -3.393085,  -1.605478,  -2.101444,  1
-0.873904,  2.728671,  -1.118884,  -4.025490,  1
8.244191,  6.238224,  -2.729845,  0.137349,  1
-2.747069,  -1.057378,  2.900069,  3.939176,  1
-4.401154,  12.481428,  -1.488472,  3.191719,  1
-1.855058,  9.354359,  1.427716,  0.241817,  1
10.418755,  0.476309,  2.110469,  10.950910,  1
4.105777,  6.125048,  -0.725482,  7.079806,  1
1.578234,  -1.175245,  -4.826921,  -2.021339,  1
-4.146190,  1.720609,  1.538643,  -0.491132,  1
-1.579043,  -4.297111,  -0.824645,  -3.644218,  1
-7.414904,  5.596405,  4.045951,  -4.758068,  1
-5.443018,  -0.797792,  -0.497454,  -5.091029,  1
2.924069,  3.566350,  1.989651,  2.577231,  1
5.617489,  -2.180659,  9.649559,  -3.097046,  1
1.394500,  1.956925,  -0.323525,  1.234359,  1
3.599480,  -0.518092,  4.573367,  -0.868965,  1
5.578299,  -2.158419,  -4.020851,  -0.884655,  1
-5.769772,  0.589552,  3.712099,  0.873825,  1
-0.790800,  7.908133,  7.010083,  2.753468,  1
4.183279,  0.557775,  0.471663,  -0.039927,  1
5.610146,  -1.439366,  1.925094,  5.454926,  1
-2.196764,  1.348235,  4.240519,  3.611879,  1
5.189741,  3.033529,  1.909119,  -5.501061,  1
-2.778132,  4.299751,  2.726973,  3.917201,  1
2.071995,  -3.728214,  1.613818,  0.419133,  1
1.234103,  -0.313303,  1.616212,  -0.966966,  1
0.301957,  2.139157,  0.765671,  2.554863,  1
-5.578929,  3.031423,  -5.030330,  2.549172,  1
-5.375317,  1.474000,  -6.175002,  3.105786,  1
-1.715696,  -1.319200,  -2.044522,  0.020227,  1
-5.736368,  -0.412958,  -2.831937,  0.720906,  1
0.949944,  -2.152930,  -0.276132,  -0.956461,  1
-1.723518,  2.213620,  -1.463010,  -3.689903,  1
-2.650233,  -4.492146,  0.127491,  -2.538903,  1
-3.932162,  -7.654468,  0.977299,  -3.287222,  1
6.778937,  -7.813210,  -3.349746,  -0.208117,  1
3.663706,  -1.913814,  2.942451,  3.210686,  1
5.462837,  8.424210,  2.851060,  1.662847,  1
-5.279251,  3.567271,  1.593785,  2.314794,  1
2.677918,  -9.382532,  2.297867,  1.198825,  1
4.969533,  10.631948,  1.512558,  -2.641308,  1
0.143554,  -5.160073,  -6.149375,  0.605947,  1
1.830139,  5.987344,  -3.034796,  4.745874,  1
3.703048,  8.403163,  -5.484536,  6.740854,  1
-6.100720,  8.109204,  0.850500,  -0.599479,  1
-2.724894,  -3.614906,  6.186872,  1.519383,  1
-0.537225,  -3.709886,  2.038728,  10.952072,  1
5.525844,  5.934834,  1.598543,  -4.020325,  1
-0.442068,  -3.048876,  -4.412106,  -4.623230,  1
3.566227,  -0.399721,  -1.422024,  -0.620147,  1
3.914456,  1.614677,  -2.716182,  -3.618875,  1
2.659615,  -2.325915,  1.187228,  -2.716950,  1
1.305776,  -1.722454,  -5.342463,  0.161028,  1
1.416188,  -4.286984,  4.055895,  5.446562,  1
-2.155867,  0.353045,  0.307247,  -0.895901,  1
-2.698331,  -0.719730,  -2.617738,  -4.711030,  1
1.148048,  1.167839,  -1.650859,  2.564274,  1
-0.993912,  1.400539,  2.068325,  7.321162,  1
-1.356951,  1.252731,  -0.402067,  -0.838289,  1
3.773678,  1.314996,  1.119935,  1.817503,  1
0.660265,  4.919366,  0.723138,  1.517311,  1
-1.799680,  6.047009,  -1.331761,  3.607610,  1
3.743085,  1.042654,  0.581821,  -0.287165,  1
1.338550,  -0.651572,  0.471591,  6.120663,  1
1.076432,  0.227481,  2.720115,  3.471685,  1
3.036899,  -0.765111,  1.992585,  -2.422038,  1
4.712735,  -2.364678,  3.815585,  0.471139,  1
2.681950,  6.616780,  6.416874,  3.947787,  1
-0.896307,  -6.148250,  3.556021,  -0.208933,  1
-0.040953,  -5.420832,  3.284173,  -1.356484,  1
2.485042,  -2.734770,  2.011280,  1.974927,  1
-1.356995,  4.596968,  0.145193,  0.734850,  1
-0.193220,  -3.169708,  -0.129600,  0.298043,  1
5.856696,  -1.327934,  0.706816,  1.072409,  1
-0.046007,  2.654675,  0.014827,  3.750740,  1
1.688525,  0.392787,  0.761180,  0.596146,  1
7.456791,  1.412107,  6.159547,  1.870218,  1
5.089110,  3.739666,  2.866431,  0.503457,  1
3.684624,  6.589351,  7.953543,  -3.726496,  1
0.380859,  -1.337894,  0.136738,  10.332788,  1
-2.336856,  3.540760,  5.716660,  0.514483,  1
1.435819,  0.897416,  2.474634,  2.482017,  1
3.422502,  -0.421668,  -2.121582,  5.671353,  1
3.593354,  -1.631577,  0.623339,  4.439511,  1
6.238279,  -2.532640,  -9.433280,  -1.138854,  1
4.886773,  4.517592,  3.133797,  6.037011,  1
-0.023579,  -2.308411,  -1.176573,  -6.367293,  1
2.468862,  -8.894047,  -1.757786,  -2.667884,  1
0.340240,  -4.588131,  12.694010,  -0.490309,  1
3.527219,  8.223142,  1.377701,  -0.767742,  1
0.088010,  3.403693,  1.260610,  2.543839,  1
-0.402741,  -3.243624,  -5.648286,  -5.125451,  1
-1.852238,  -1.724003,  3.903081,  -0.915207,  1
5.647866,  1.157837,  6.098924,  0.404762,  1
-0.566683,  -6.409205,  0.644900,  -2.366675,  1
-0.152398,  6.213618,  3.101662,  -1.899560,  1
-3.070341,  -4.158548,  3.394506,  -0.901930,  1
1.257298,  3.207367,  -6.006018,  -0.543863,  1
-3.249229,  7.791929,  -1.812697,  -8.147595,  1
0.848180,  5.387336,  -0.576947,  -0.935226,  1
10.918579,  2.212548,  -0.909810,  2.857547,  1
4.672570,  -0.743491,  -7.386167,  2.134567,  1
2.020801,  5.453506,  5.448518,  4.936495,  1
-0.336147,  1.186913,  -2.549842,  6.663308,  1
1.745109,  -5.262236,  6.018413,  3.150872,  1
-1.874853,  9.219076,  5.873990,  4.203669,  1
9.122080,  -1.967748,  7.481202,  0.746479,  1
-3.027932,  4.167089,  -1.689507,  2.713738,  1
-0.805961,  5.044481,  -1.495158,  1.967117,  1
0.356157,  3.440494,  0.594496,  6.818762,  1
-3.405745,  -9.415621,  0.917281,  -0.883259,  1
-1.875625,  0.133378,  -2.908116,  1.991133,  1
6.509492,  -0.400391,  2.125197,  4.944642,  1
3.928379,  0.484484,  8.975635,  10.258232,  1
1.222214,  6.856865,  5.355839,  -0.116225,  1
4.152867,  5.960957,  0.915452,  1.975749,  1
2.938666,  0.809519,  -5.049801,  6.422634,  1
6.751430,  3.024011,  0.131955,  -2.419962,  1
0.691163,  -2.639939,  0.504507,  -1.446038,  1
1.222608,  1.998362,  -1.386985,  5.655965,  1
1.254382,  2.966560,  1.120328,  2.862335,  1
1.648666,  0.881087,  -1.169885,  3.640337,  1
1.398866,  0.564780,  0.806797,  -3.485334,  1
-1.006856,  -1.958146,  5.695682,  -0.058306,  1
1.839339,  -0.899359,  6.526418,  -2.107426,  1
8.638496,  9.021579,  -4.266790,  -5.178722,  1
-2.147411,  -0.930766,  1.057349,  2.913284,  1
-2.170097,  -5.941246,  3.954881,  -1.994248,  1
2.576389,  -2.553762,  0.502087,  7.814998,  1
2.112907,  8.727146,  -1.460846,  -1.223366,  1
-2.103307,  -2.099100,  -3.085458,  -3.016970,  1
-1.030030,  1.144799,  1.251520,  3.483805,  1
-0.148020,  -1.644169,  1.920577,  1.425987,  1
-4.866202,  5.691390,  4.444491,  2.676178,  1
-0.735562,  -1.487781,  4.906346,  1.861765,  1
-0.676576,  -3.444447,  1.713962,  5.757141,  1
4.456139,  -3.662829,  1.204936,  1.051407,  1
0.411685,  -1.427237,  -0.726536,  6.704763,  1
5.784009,  9.285281,  0.299653,  -7.331715,  1
5.602891,  0.819143,  7.219524,  -0.138354,  1
2.713193,  -2.408127,  -1.154810,  1.045080,  1
3.272454,  3.969509,  -1.222875,  -5.904037,  1
2.197580,  0.372403,  -6.763886,  -4.828693,  1
10.532344,  2.240271,  -2.695669,  2.404577,  1
-6.554514,  9.675430,  -3.307462,  3.642520,  1
8.562886,  0.891286,  7.345533,  -3.857396,  1
-2.992556,  5.243872,  -0.998110,  4.307304,  1
-2.331458,  1.094109,  0.413759,  3.861309,  1
-1.447981,  -3.228705,  -1.523582,  4.223418,  1
5.355306,  -1.801994,  -0.767408,  6.108823,  1
-0.168392,  -0.357547,  -7.204016,  0.902876,  1
-2.855153,  -1.223535,  -0.105811,  0.908835,  1
9.728249,  2.865403,  3.296228,  -5.151743,  1
4.748305,  -0.013051,  7.706696,  3.832151,  1
3.044401,  4.765929,  -3.693296,  4.299423,  1
4.053792,  -1.377657,  8.644672,  8.152286,  1
4.974606,  -2.316823,  2.513132,  -2.128217,  1
5.700575,  -2.063520,  -1.868386,  1.835123,  1
-4.823345,  5.774125,  -0.182561,  3.865557,  1
3.686535,  0.050371,  -4.822889,  -0.575448,  1
3.975866,  0.959659,  3.476576,  -1.905210,  1
0.317590,  -5.226446,  -0.563605,  -4.182200,  1
1.264372,  1.733560,  -0.564957,  2.510024,  1
2.555123,  5.746072,  0.306251,  2.521052,  1
5.750905,  3.469426,  -1.013542,  -3.779413,  1
-6.131861,  -3.737968,  8.152839,  -1.011225,  1
-5.096011,  0.648640,  4.178493,  -0.319446,  1
-1.152457,  1.917553,  -1.362881,  -1.098445,  1
4.019362,  -6.281515,  -0.682828,  0.555137,  1
4.977783,  2.328156,  6.868845,  4.609852,  1
2.377216,  -2.230934,  1.363796,  -0.392646,  1
7.172534,  -4.428533,  1.687496,  3.251091,  1
-1.934042,  -0.861708,  -1.255803,  1.321917,  1
-0.151352,  0.428318,  -1.104107,  6.636572,  1
0.930255,  -1.221040,  -0.351886,  5.479229,  1
-0.539901,  -5.550614,  4.368023,  3.222795,  1
-2.172270,  4.417359,  5.489730,  1.710911,  1
5.838326,  -1.724667,  1.824310,  4.438556,  1
2.419825,  -0.350453,  -4.814716,  2.467045,  1
-2.201250,  -2.539583,  4.099632,  -2.336727,  1
-0.027147,  1.281605,  3.292800,  -0.956177,  1
0.613166,  -2.505853,  4.869235,  0.749690,  1
4.266745,  -2.931938,  6.530718,  -6.486118,  1
-5.783656,  -10.020509,  1.108698,  2.141661,  1
-1.995722,  5.318978,  1.061696,  -0.341205,  1
4.447463,  0.458814,  2.364341,  2.475044,  1
3.128000,  3.869418,  2.079468,  1.417438,  1
6.853638,  -1.271208,  -1.873747,  3.788771,  1
-5.605643,  -0.385164,  -4.022151,  3.275173,  1
-4.350170,  0.274332,  0.361773,  7.764725,  1
-1.027266,  1.575157,  -4.996346,  0.576159,  0
-0.325519,  5.573041,  8.871183,  0.831038,  0
-2.608482,  -1.561052,  2.071741,  -3.291976,  0
2.288463,  1.066955,  -1.765598,  -6.360170,  0
4.012831,  -0.729293,  -1.803639,  -0.716447,  0
-4.438174,  0.175249,  -6.117098,  3.081341,  0
1.274905,  -1.875026,  3.770697,  1.352797,  0
-6.910885,  1.219523,  3.782927,  -1.591302,  0
-3.145268,  3.252973,  6.768075,  3.784951,  0
0.349836,  4.831904,  1.954812,  -3.180810,  0
2.802195,  2.283803,  -0.845899,  -2.073671,  0
0.964421,  -6.872840,  1.698283,  -5.631149,  0
4.007097,  -3.002484,  0.879798,  -2.992269,  0
0.773461,  -3.867237,  -0.318517,  -2.551226,  0
-0.608665,  -3.970748,  2.050461,  3.102896,  0
-5.142905,  0.321676,  4.918400,  0.239980,  0
6.034633,  2.645122,  -2.110575,  2.005520,  0
-1.531965,  -0.239004,  -3.249801,  -3.877530,  0
-4.152360,  -0.555570,  1.274432,  -1.057913,  0
-4.498129,  4.449382,  -3.240224,  -5.387374,  0
5.114779,  -4.166358,  1.437703,  1.539733,  0
2.936517,  -4.185568,  -0.689663,  -2.063084,  0
-1.698185,  -8.511368,  -1.000826,  -1.714570,  0
-4.029307,  0.530918,  3.921717,  -6.492158,  0
-0.681065,  -4.936340,  4.607852,  -2.827551,  0
-2.201816,  -0.287289,  1.061366,  -1.370167,  0
2.672211,  1.994630,  -1.436673,  -1.005026,  0
0.349622,  -0.193873,  5.071800,  2.688348,  0
-8.159739,  2.525332,  -6.310737,  -10.647966,  0
-3.818720,  -1.977493,  2.887064,  4.260795,  0
1.753802,  1.410712,  -3.669096,  -2.174311,  0
-1.794302,  -0.310847,  4.706712,  -1.333281,  0
-1.190338,  -0.323152,  -2.031500,  0.321255,  0
-0.939987,  -1.748606,  6.064689,  1.972360,  0
-4.436901,  3.768943,  -2.487083,  -7.489326,  0
0.142341,  -1.837791,  -0.459394,  -3.211971,  0
-1.011308,  2.879130,  -2.681363,  2.867295,  0
-1.585848,  0.561506,  1.221213,  1.818842,  0
-8.901706,  0.249644,  1.366358,  -5.084504,  0
1.637173,  -7.410555,  -2.983548,  -3.378269,  0
-6.151768,  -0.165096,  -2.736733,  -10.170352,  0
0.149663,  -3.999049,  1.720476,  0.780670,  0
-3.294042,  -7.124213,  -1.081884,  -2.281206,  0
2.919877,  -8.356173,  3.327105,  5.762306,  0
2.933178,  6.648031,  -7.418035,  0.774810,  0
-3.597070,  2.375109,  -2.580014,  -0.730358,  0
-7.195354,  0.950493,  2.142700,  -1.449152,  0
0.867235,  -1.310816,  2.391206,  -2.396607,  0
-4.624812,  -1.606171,  -4.956793,  -1.814605,  0
-7.672338,  5.771828,  4.027277,  1.064667,  0
3.210583,  0.393227,  0.566404,  -3.861017,  0
-3.740716,  -6.884789,  -1.115925,  -3.159004,  0
-1.267795,  6.011628,  -1.227438,  -4.597107,  0
4.968475,  -1.588355,  -3.276838,  3.679271,  0
-1.802459,  -0.280718,  1.039480,  4.622692,  0
-0.198348,  -1.055877,  -5.088340,  4.930311,  0
-3.530388,  -4.485307,  -1.722118,  -0.481278,  0
-0.547316,  -6.832180,  -8.034847,  -3.977890,  0
-8.461816,  0.905795,  -9.414875,  -3.579273,  0
-4.873067,  -3.622130,  0.052591,  2.647242,  0
4.542575,  3.217302,  -0.507608,  -0.413573,  0
-2.921644,  -1.130961,  -6.752220,  -7.024635,  0
3.162989,  2.236987,  -5.772167,  -0.493943,  0
-0.642020,  4.464838,  0.784031,  1.837501,  0
1.614292,  3.542195,  -8.972166,  6.743292,  0
2.186948,  8.107204,  -5.326685,  -6.687585,  0
-6.253086,  -4.278167,  -0.172686,  0.829326,  0
3.411700,  -5.563053,  2.777596,  2.979344,  0
2.187142,  -5.185338,  2.814114,  -8.638730,  0
-8.341816,  -7.023727,  -3.716114,  1.738220,  0
-3.693217,  -5.557617,  -8.132643,  -4.195212,  0
4.910531,  5.273495,  4.465013,  -4.552324,  0
4.419753,  -3.503573,  -8.294403,  1.619018,  0
12.378606,  -3.812486,  0.023379,  -0.879902,  0
-2.058721,  -0.879041,  6.272038,  -3.451865,  0
-3.350522,  -1.549510,  -1.773194,  -3.925647,  0
6.877397,  0.280504,  1.265983,  0.894520,  0
3.782711,  5.494659,  -6.248748,  0.457077,  0
0.825838,  -5.564458,  3.336761,  -7.920767,  0
-0.695693,  -2.834413,  2.631177,  -7.054860,  0
-3.757663,  -1.519891,  2.826969,  -1.150077,  0
3.431336,  -0.361895,  -0.531472,  1.034524,  0
-6.050146,  -0.439884,  -2.213090,  -2.353336,  0
-8.362299,  -1.556343,  1.160941,  6.662404,  0
3.233327,  0.662979,  4.754658,  2.327147,  0
10.159037,  1.364612,  0.995289,  -7.572555,  0
-1.508481,  0.633824,  -5.308714,  -0.926652,  0
0.032400,  2.369237,  -3.944503,  -4.011371,  0
-3.078083,  -4.274602,  -10.543420,  -5.175708,  0
-1.931798,  -6.710569,  -2.614460,  5.366224,  0
-2.201049,  4.945769,  -3.510891,  -4.769878,  0
-0.055915,  -10.765149,  1.059281,  -3.825733,  0
-1.572728,  -0.864784,  -6.767211,  -5.495289,  0
-3.540610,  2.312601,  4.646243,  2.927912,  0
0.033223,  0.352004,  -7.086564,  -0.294801,  0
6.092822,  -0.222051,  -2.652010,  -3.455772,  0
2.055279,  -6.258947,  1.994052,  -1.658567,  0
0.388693,  -5.389557,  0.580934,  1.511082,  0
4.266910,  -0.027231,  2.153547,  0.765482,  0
-3.625285,  -2.998458,  1.593753,  1.548200,  0
2.458465,  0.167625,  0.576880,  4.425909,  0
-5.749694,  2.347020,  -1.962828,  -0.923459,  0
-0.010588,  -5.659709,  5.596038,  -1.780333,  0
4.073922,  -4.213545,  1.294480,  0.551330,  0
2.294067,  -1.792822,  -1.277493,  0.513666,  0
-5.826872,  1.891172,  6.864617,  0.063053,  0
-5.335539,  0.713910,  -1.945150,  0.700969,  0
5.894245,  -0.928763,  2.861722,  -4.386364,  0
2.643425,  0.982576,  -1.921049,  -7.112064,  0
-1.377744,  4.908604,  -2.510447,  4.233218,  0
-7.984919,  -5.357485,  -5.527121,  -3.471816,  0
-1.457010,  -1.228598,  -0.289383,  0.133661,  0
0.870872,  -0.341978,  0.635629,  0.590095,  0
5.483509,  -2.397210,  -1.439825,  1.729035,  0
2.384430,  -5.837473,  7.701541,  -4.849158,  0
-2.005096,  3.814352,  -0.440636,  3.471765,  0
5.290265,  -6.349685,  1.188317,  1.589969,  0
0.133574,  2.122833,  -4.710555,  -8.956420,  0
-2.213566,  -7.969690,  1.573067,  -6.876783,  0
-0.187416,  -10.437119,  3.824028,  -5.319854,  0
6.063225,  2.152035,  1.559721,  -3.392030,  0
2.153824,  -12.387009,  -4.405238,  -2.708512,  0
4.174784,  7.805615,  3.153906,  2.439586,  0
1.346145,  2.685376,  -3.193222,  3.595996,  0
-1.779870,  1.295282,  -1.169605,  1.076649,  0
-3.473558,  -3.516952,  -4.104449,  0.577205,  0
4.687874,  0.978830,  5.378619,  0.729419,  0
1.559173,  -1.768927,  4.206337,  4.847935,  0
-1.264036,  5.188332,  7.856437,  -6.252299,  0
-6.677979,  -0.373579,  -3.361289,  1.674311,  0
-3.604640,  -2.976100,  7.130139,  -9.290079,  0
-6.690376,  0.169593,  4.575518,  -14.293258,  0
-5.446257,  -1.023395,  -0.094681,  -2.268656,  0
-3.407182,  -6.696135,  -1.865240,  0.906428,  0
-0.607968,  -3.273080,  1.774137,  6.829575,  0
3.968626,  -2.076033,  -2.940535,  -1.871925,  0
2.074046,  -2.431571,  -1.095125,  2.140148,  0
-1.966123,  -2.175066,  -1.631576,  -0.245189,  0
-2.954399,  -6.737835,  3.602599,  -3.537883,  0
-3.615569,  -5.794777,  0.773250,  -3.519361,  0
-2.400133,  -2.929047,  -10.108320,  -1.448096,  0
2.212208,  1.732238,  4.367911,  -0.869212,  0
-0.426568,  -5.138838,  -3.998375,  1.634726,  0
-2.056780,  -7.153714,  -0.410022,  -2.438777,  0
-6.517203,  -3.814462,  -5.485886,  1.602206,  0
6.431905,  0.043028,  1.436045,  4.463369,  0
4.157134,  6.633209,  0.253721,  -4.477747,  0
-2.079629,  3.694032,  0.464551,  4.569400,  0
5.532424,  1.650573,  -0.600977,  3.500037,  0
-0.249644,  -2.336865,  -3.524791,  -0.235680,  0
-2.946579,  1.359233,  -5.047866,  1.032015,  0
-2.413467,  -5.048521,  -1.810552,  1.909061,  0
7.016130,  -0.471904,  4.329936,  2.521402,  0
-7.743757,  11.287303,  -2.712031,  3.173539,  0
0.358131,  -8.672194,  -3.255644,  3.711357,  0
-3.356073,  -2.800139,  -13.494631,  1.517992,  0
-2.754362,  -6.403884,  -0.384141,  -2.226930,  0
3.320028,  3.446331,  -1.641673,  -3.151824,  0
8.201242,  -3.096293,  1.134339,  4.439498,  0
-5.075663,  4.869244,  3.520035,  -1.867881,  0
-1.793109,  -2.925522,  -0.314165,  -4.084241,  0
0.030514,  -3.689770,  3.663778,  -3.747600,  0
-4.697168,  -4.933319,  4.940771,  1.626274,  0
-4.361112,  0.187295,  -4.009336,  2.065112,  0
-0.953087,  -5.053059,  -1.381503,  -1.132526,  0
-1.383929,  6.536858,  0.565205,  3.680239,  0
-1.761922,  0.663515,  0.415159,  0.778644,  0
-2.531513,  4.576678,  -4.389680,  -2.089235,  0
3.610316,  2.394404,  1.479788,  -2.791336,  0
-4.536115,  -3.044812,  -1.925479,  -2.125279,  0
0.904055,  -0.078590,  7.211563,  6.380183,  0
7.268975,  1.257701,  -4.757140,  -4.127069,  0
8.945882,  4.353188,  -1.581220,  -1.768893,  0
-0.559191,  -5.762644,  0.665647,  -0.780797,  0
1.422665,  3.042353,  0.456512,  -1.104495,  0
-3.353964,  -8.495809,  8.030464,  1.284484,  0
-9.570525,  -5.830453,  -1.317830,  -5.337054,  0
3.121427,  -5.246510,  1.112678,  -4.314777,  0
-2.498458,  3.281305,  -10.731767,  2.333575,  0
5.723708,  0.691849,  2.126122,  4.029482,  0
-0.724320,  1.483745,  1.880891,  -4.337529,  0
0.558267,  0.675982,  -3.990048,  2.027970,  0
-7.382806,  -1.240285,  1.949917,  -2.348680,  0
1.836492,  5.378988,  -6.106128,  -6.181038,  0
-4.414116,  -3.273580,  1.676555,  -5.727574,  0
0.948088,  2.635623,  -5.885291,  0.656993,  0
-0.580032,  -2.645153,  -2.492584,  -0.986896,  0
-2.652292,  -0.648654,  -2.686703,  -5.615466,  0
-2.349147,  0.031648,  1.872860,  -1.294721,  0
-9.240184,  1.862882,  3.991751,  1.376308,  0
-2.860145,  1.683072,  -0.972501,  2.940846,  0
-5.828780,  -0.705301,  -0.289634,  -7.309579,  0
-3.892276,  -3.839434,  0.682460,  -0.098839,  0
-6.455659,  -0.000166,  -1.267232,  4.723937,  0
-4.183814,  0.325249,  -3.942219,  -5.408767,  0
-7.281818,  2.369053,  -7.143885,  2.819844,  0
4.398391,  6.797547,  -4.318053,  -3.156529,  0
-2.157341,  0.303260,  -10.597311,  -2.887751,  0
-3.392746,  -6.496901,  1.655154,  -0.956953,  0
-3.477883,  -10.371789,  -4.651934,  -4.149903,  0
1.536283,  -3.403591,  4.869752,  -2.162756,  0
0.572060,  -3.039458,  -0.572071,  -6.799757,  0
-4.523820,  9.655474,  -0.499308,  -6.866275,  0
4.152828,  -2.045294,  -0.505495,  -6.122815,  0
-1.029920,  -10.451152,  -3.782960,  -1.135533,  0
3.058219,  1.574022,  5.069798,  -2.962650,  0
-3.053590,  2.570975,  -6.718330,  1.696900,  0
-4.265745,  -6.674755,  -5.770280,  -0.996225,  0
0.329259,  3.178211,  -2.878338,  -1.621260,  0
6.622609,  -6.579639,  1.689030,  -3.296774,  0
1.317187,  5.176518,  1.800304,  4.521828,  0
-1.681150,  -7.146654,  3.322015,  -11.868298,  0
1.321728,  3.577488,  -3.289657,  8.062172,  0
-13.644018,  1.051666,  -1.006454,  2.626879,  0
4.397910,  -9.854187,  2.125156,  0.337072,  0
-10.216821,  -6.914494,  -5.913477,  4.087984,  0
-1.697935,  2.138876,  7.565084,  -5.526628,  0
1.886491,  0.234718,  -3.742694,  -2.330116,  0
-3.056980,  -2.037912,  2.233252,  -8.340634,  0
-0.546008,  1.354402,  1.661004,  -3.825377,  0
-4.744202,  -3.453490,  -4.184370,  -0.536337,  0
-1.030918,  2.685716,  2.000065,  -8.041825,  0
4.160809,  -3.360037,  -5.338994,  3.687553,  0
-6.997818,  -8.716889,  -2.043153,  1.967862,  0
-4.549227,  2.514387,  2.725929,  -2.952761,  0
-4.689164,  10.671837,  4.951148,  -3.606764,  0
2.495921,  5.957439,  -1.132692,  1.889271,  0
-2.953461,  -2.340812,  -0.851479,  2.947599,  0
-8.635423,  -1.024130,  -2.976509,  2.062694,  0
4.508877,  -0.200278,  6.325611,  -0.003508,  0
3.009185,  -1.999865,  0.427181,  5.238621,  0
-0.720294,  -3.266295,  0.661859,  -3.130845,  0
-3.264829,  3.769356,  -0.865001,  0.175006,  0
0.214648,  2.757097,  -0.043877,  12.140760,  0
1.703604,  -3.864132,  -0.090598,  -0.758732,  0
-4.307254,  3.326740,  -4.505097,  -1.204861,  0
2.608863,  -4.340662,  -1.843236,  -2.392044,  0
1.972961,  1.627772,  1.955151,  3.531799,  0
4.680928,  -4.550379,  -4.188991,  1.623754,  0
1.267546,  -3.308709,  0.951388,  1.722855,  0
2.888920,  1.227626,  -0.881200,  -9.127760,  0
-1.653688,  0.334182,  0.599829,  2.770765,  0
2.982851,  5.654700,  -9.345992,  -2.599157,  0
0.221152,  -11.062707,  -2.890624,  -6.306288,  0
1.877207,  -3.331242,  -0.119401,  -4.699257,  0
-6.837811,  -2.584577,  -3.356896,  -1.577272,  0
-6.321864,  5.316112,  -0.856958,  -3.993829,  0
-0.192343,  10.203711,  4.328416,  8.249726,  0
-2.861559,  -4.479951,  -5.181900,  -1.361102,  0
-1.534052,  -5.175222,  -3.153851,  2.074888,  0
-5.344433,  6.908291,  -2.112379,  2.500568,  0
-4.183848,  7.622325,  5.504661,  -1.980489,  0
-3.156530,  -0.487886,  2.607574,  -1.982701,  0
-2.438456,  4.353373,  4.290169,  -11.061676,  0
-3.310981,  5.073351,  -0.716821,  -2.337715,  0
2.362245,  -7.700858,  4.893253,  2.715414,  0
3.208787,  -3.474626,  1.693217,  -6.475119,  0
4.429444,  6.432370,  11.250218,  -0.932256,  0
1.480917,  7.367504,  -3.355585,  1.345458,  0
-2.775340,  -10.176254,  -5.261062,  -5.268406,  0
-3.614109,  -2.932048,  -10.496944,  -2.345888,  0
1.530708,  0.076732,  -1.133599,  0.474945,  0
-0.212917,  -1.084235,  -0.925315,  -5.757378,  0
10.439405,  0.932686,  -5.066464,  -4.401216,  0
-6.633355,  -7.935106,  4.910325,  2.155618,  0
-3.737978,  -2.250972,  -7.934174,  -0.183639,  0
0.029493,  -2.197021,  -1.584486,  1.489967,  0
4.180166,  -3.505651,  -2.439916,  -1.020582,  0
2.229977,  -6.007387,  -2.074301,  2.853524,  0
-3.110861,  -3.361024,  -1.668491,  -2.477860,  0
3.404052,  0.858609,  -0.287393,  -0.529799,  0
3.946297,  0.618057,  -2.471098,  -6.984487,  0
-6.068247,  1.390819,  0.379796,  3.973191,  0
1.272605,  1.528189,  -5.266513,  0.267878,  0
-3.743466,  -0.068554,  -1.691299,  3.586285,  0
-2.117333,  -2.328366,  -5.467962,  7.192935,  0
-0.273251,  -2.244749,  -4.418147,  -4.369667,  0
-0.676953,  1.987689,  1.270560,  0.705016,  0
-0.099306,  1.485944,  6.258996,  1.376133,  0
-4.982225,  -3.566182,  0.393571,  0.189754,  0
-3.568392,  2.470435,  -5.579089,  -0.072447,  0
-6.452871,  -4.376972,  9.462317,  -2.578180,  0
-4.996414,  -4.689944,  -4.625190,  -2.419366,  0
3.157559,  -4.438869,  6.812710,  -8.352973,  0
-5.487650,  5.179376,  2.913462,  -6.517392,  0
-0.877561,  -0.703406,  2.947381,  -1.446086,  0
3.887098,  3.811130,  -5.193329,  4.668577,  0
0.311471,  4.995517,  -0.557034,  -2.332601,  0
8.481721,  -0.412696,  -1.770181,  -4.744091,  0
-3.992505,  0.945448,  0.464086,  2.841552,  0
5.109796,  2.084212,  1.239369,  -4.156728,  0
2.181705,  -3.410345,  2.451215,  -8.529810,  0
2.324781,  -5.062161,  -2.171694,  -1.500312,  0
4.213929,  -5.302585,  -5.982223,  5.926024,  0
-2.369898,  -0.179222,  7.873974,  -8.282727,  0
0.555651,  -0.605659,  -2.496162,  -2.778785,  0
2.469879,  -3.181870,  -0.313386,  -0.164071,  0
-1.366064,  0.376547,  -7.384297,  -2.323400,  0
-6.189734,  3.255376,  0.302704,  1.166865,  0
7.509068,  3.103162,  5.055946,  2.056071,  0
2.927582,  -4.428337,  1.364786,  -0.432722,  0
2.028132,  -3.025445,  -2.179665,  2.010473,  0
-5.534367,  4.089362,  6.028389,  0.735510,  0
-1.868595,  6.767107,  3.794753,  -3.999125,  0
-4.931063,  -3.371841,  -7.228457,  -3.604930,  0
-1.421439,  -2.915983,  2.883453,  -2.586084,  0
-1.484895,  0.823820,  -0.629047,  -0.120209,  0
1.480767,  -1.384131,  2.381068,  -5.665779,  0
-0.700631,  6.148329,  -1.113200,  2.622524,  0
1.109538,  -3.709737,  -6.649513,  -1.128069,  0
6.291296,  -8.055632,  0.293756,  -1.899112,  0
0.944312,  1.782713,  1.197616,  -1.215238,  0
-2.634886,  -6.875435,  -2.971612,  -2.514407,  0
0.130442,  -7.418043,  -1.731387,  -4.932039,  0
0.102870,  -7.523424,  -0.503239,  -3.789635,  0
-2.382239,  -1.303735,  -6.616595,  -3.259123,  0
-1.019139,  4.025093,  0.423165,  -8.642905,  0
1.032916,  -3.468351,  -3.423834,  -1.346648,  0
-2.145496,  1.663207,  1.109337,  -1.011791,  0
-5.061135,  -3.176287,  4.824894,  -3.472049,  0
-1.697498,  -6.376253,  -3.074151,  1.083910,  0
-4.155364,  4.980311,  -0.573133,  4.527385,  0
-3.219875,  0.080640,  5.924548,  3.804711,  0
-2.184713,  -1.565329,  -0.713271,  -4.021599,  0
-0.580767,  -2.698442,  1.663557,  2.757992,  0
-3.144918,  8.633984,  3.317615,  -7.930860,  0
3.023299,  -2.928001,  -2.355403,  -0.724209,  0
2.286926,  -4.733157,  0.084401,  -6.658089,  0
-3.366162,  -11.676761,  1.611834,  2.633543,  0
-0.066660,  -4.191460,  0.752528,  -3.009132,  0
4.527209,  -8.087751,  -1.632917,  5.199711,  0
-0.476838,  -2.726922,  6.190405,  1.440922,  0
-7.317398,  5.184004,  -2.698487,  -7.349636,  0
2.408140,  4.089380,  -9.577807,  -5.091683,  0
-3.121006,  -0.929246,  0.472118,  2.947114,  0
3.967510,  4.507910,  -3.120885,  0.868753,  0
-0.185940,  0.669613,  -1.775396,  -0.758518,  0
-2.307934,  4.351223,  2.431907,  1.167418,  0
0.169951,  2.313549,  0.993428,  -1.278717,  0
0.589367,  -6.953203,  2.765399,  0.261402,  0
-3.424204,  -4.257795,  -2.165583,  0.150468,  0
-5.453207,  -3.299870,  -3.542224,  -2.327286,  0
-1.214177,  -7.136104,  -6.177450,  1.202748,  0
-2.393983,  2.280029,  2.616749,  -9.521506,  0
2.596410,  -3.967621,  -1.941326,  3.009416,  0
-1.955532,  10.254534,  -3.486183,  0.132822,  0
-3.757712,  2.832645,  -1.612056,  -0.392496,  0
1.019108,  -2.885860,  -0.435173,  3.108517,  0
-1.620320,  -0.004561,  -5.875651,  -4.404560,  0
0.838379,  -7.397255,  2.065268,  0.440054,  0
-0.537504,  2.195675,  -0.117245,  4.521119,  0
3.449452,  -6.403043,  2.459066,  0.773419,  0
-4.087297,  -6.770879,  0.159436,  -5.581485,  0
5.012959,  3.381094,  6.318795,  -0.730080,  0
2.263242,  -1.815306,  -4.193102,  -2.860406,  0
1.351186,  3.170919,  3.384546,  1.187786,  0
0.185757,  4.572799,  -8.680956,  11.517931,  0
-2.852307,  -4.375421,  -1.223713,  -4.649497,  0
-3.764190,  0.147188,  0.499713,  -2.651163,  0
-2.220499,  -0.853526,  1.163449,  -6.481445,  0
-6.627162,  1.257009,  2.975784,  -6.276227,  0
1.448547,  -1.134395,  1.560141,  0.974152,  0
-10.275704,  4.764060,  1.070626,  0.864304,  0
-6.218500,  3.418707,  -5.616339,  -2.574455,  0
-0.108096,  3.196168,  -2.097593,  0.547914,  0
-6.409105,  -14.195354,  1.059259,  -4.117233,  0
3.516299,  -4.753276,  -3.011800,  -4.343700,  0
-7.954287,  5.155020,  -10.527967,  -1.942294,  0
-1.517172,  2.376398,  -7.624759,  -0.345182,  0
-0.858574,  -1.179914,  3.152622,  2.275528,  0
5.642777,  -1.133752,  -1.050642,  1.496765,  0
-1.736844,  4.570347,  4.294125,  -4.203193,  0
-0.562632,  -1.704923,  3.098023,  0.577513,  0
0.769905,  3.368533,  -0.190372,  -5.334229,  0
5.683750,  -0.647884,  -1.792605,  -2.784013,  0
0.992681,  6.421179,  2.405075,  -3.660531,  0
0.990334,  4.188433,  2.102573,  -4.744741,  0
-5.111265,  -5.858369,  1.063345,  -2.465808,  0
0.695272,  -0.937957,  -4.855087,  -0.147567,  0
1.684226,  1.877998,  -4.622974,  0.399320,  0
-2.603390,  0.761291,  7.128803,  -1.426634,  0
2.187485,  3.129760,  1.196614,  -2.465097,  0
0.762553,  -4.567865,  1.451671,  -2.681535,  0
0.978021,  -1.415037,  -4.099470,  -5.012928,  0
-2.791698,  5.946493,  -0.904459,  -3.165082,  0
-3.576494,  2.625002,  -0.919371,  1.828365,  0
-1.684004,  -8.191511,  6.081997,  5.634554,  0
2.173120,  -0.267151,  -1.761998,  -4.418413,  0
7.401109,  0.637725,  -1.311732,  0.751186,  0
4.465006,  2.212518,  4.516227,  2.392630,  0
-3.373447,  -4.529096,  -1.316928,  -5.490155,  0
2.795357,  5.814266,  -4.224928,  0.577141,  0
-4.457532,  -5.846473,  3.261928,  1.059578,  0
-6.708365,  -9.454655,  4.592981,  -0.804785,  0
-1.188901,  -16.042082,  -4.388777,  -7.141028,  0
-4.285692,  -10.092397,  2.936772,  -3.854630,  0
1.765883,  1.264900,  -0.795752,  -9.117080,  0
4.156195,  -4.680039,  2.379005,  1.895063,  0
-3.726338,  -6.166633,  -1.261952,  -4.994216,  0
1.915599,  7.580824,  -3.336085,  -0.220225,  0
-0.965908,  -6.222434,  -0.841811,  -4.361600,  0
0.791970,  -8.272624,  -3.616803,  -3.182266,  0
-2.309900,  -5.459961,  3.218467,  3.908287,  0
0.957273,  2.511008,  -2.599151,  -1.126929,  0
-3.636681,  2.929489,  1.341605,  -5.497698,  0
0.615933,  -3.187153,  -3.677492,  4.711037,  0
3.596760,  2.226558,  -3.655507,  -0.711256,  0
-5.027595,  -7.673325,  -1.427419,  -9.130956,  0
3.028833,  1.189499,  -2.642221,  -2.172678,  0
-2.390239,  4.639539,  -1.096019,  0.280343,  0
-4.993523,  -1.777845,  6.549892,  -4.173650,  0
-3.920667,  0.402795,  -2.851196,  -1.755985,  0
-7.932374,  2.297237,  -4.182491,  -0.873889,  0
4.052682,  3.091733,  3.441226,  2.098475,  0
2.274008,  4.189724,  -9.829742,  1.080378,  0
2.172228,  1.377524,  -0.716289,  -7.143725,  0
4.225645,  -3.571929,  0.955972,  -3.724735,  0
-2.932415,  0.275553,  0.681668,  3.411858,  0
2.734301,  -2.270629,  0.234709,  2.455650,  0
6.115798,  3.867418,  2.549279,  0.031103,  0
-5.214346,  -7.878549,  -4.202584,  1.608644,  0
5.026157,  -5.060689,  2.359001,  2.316318,  0
-4.662511,  -1.697109,  1.466719,  -0.188438,  0
-6.104758,  -0.939156,  9.937543,  -1.655692,  0
1.436384,  5.114309,  -0.944999,  2.415643,  0
-4.124251,  -5.293332,  0.418692,  1.568694,  0
-0.164886,  0.714954,  -4.422340,  -2.181779,  0
-9.167078,  2.865389,  -6.369403,  -5.399143,  0
3.575702,  3.500006,  3.187615,  -2.019473,  0
-3.561749,  -1.634949,  -1.686904,  -1.100373,  0
3.373130,  -0.374686,  -0.473762,  3.790142,  0
-1.857244,  2.825822,  5.358815,  -4.400800,  0
-9.024171,  3.039349,  -2.419834,  -1.312281,  0
-4.940600,  -1.466599,  -1.974870,  7.843515,  0
2.785465,  -1.589058,  1.753043,  0.151070,  0
1.108741,  -0.137226,  -6.250877,  -3.082565,  0
-3.596577,  -1.691030,  3.715947,  -6.523452,  0
-5.021273,  -1.204395,  4.685279,  0.711861,  0
-4.226634,  -1.271847,  -1.029470,  -4.262483,  0
-2.994302,  -0.306243,  -1.472225,  4.304282,  0
-3.961785,  -4.896081,  -2.467500,  -4.622544,  0
-7.012916,  -3.058976,  -3.743376,  -2.446450,  0
-7.209238,  -2.509985,  -2.597175,  -1.484202,  0
-1.082454,  3.938139,  0.615730,  0.488113,  0
1.175093,  0.474977,  -1.126878,  -4.512143,  0
1.769916,  0.283494,  2.727334,  2.605593,  0
-1.473807,  -1.432248,  -8.821991,  -0.070801,  0
-0.095154,  4.973311,  0.166224,  -6.890002,  0
-6.472976,  -3.946352,  -9.300001,  -12.199668,  0
5.979355,  -1.836009,  -3.479408,  0.199816,  0
5.295595,  2.098763,  -4.350319,  -1.025776,  0
0.094698,  -3.171754,  -2.162795,  -0.787679,  0
6.226807,  -5.318314,  0.057981,  -6.160524,  0
-2.658350,  -6.129040,  -4.523000,  -6.685950,  0
-2.539706,  -2.042896,  3.837015,  10.337763,  0
4.927152,  -1.169293,  -6.460851,  -2.188371,  0
3.048796,  -11.920105,  -0.691884,  4.689684,  0
5.969099,  -0.657614,  2.080440,  -4.471066,  0
-2.762405,  -5.101280,  -0.501963,  -6.091818,  0
-3.609898,  6.493632,  -3.912497,  -1.933395,  0
1.724467,  -12.678194,  -1.382843,  1.688276,  0
0.173165,  3.272016,  -3.536272,  -8.937653,  0
-2.832202,  -0.673189,  3.012285,  0.788778,  0
-1.375443,  3.559165,  0.891470,  -0.653976,  0
-8.117580,  0.125233,  -3.396088,  -2.341358,  0
-7.615565,  -4.411130,  -0.324961,  5.283672,  0
0.845334,  -1.580638,  3.960563,  -6.005382,  0
-6.424375,  -0.868087,  -2.046147,  -4.217871,  0
-6.064921,  5.806404,  -2.525356,  -1.800313,  0
-6.393985,  -5.258580,  14.857469,  1.709881,  0
-0.642977,  1.416576,  -1.010425,  -5.534786,  0
-3.912436,  -4.503223,  5.955342,  -1.672320,  0
-4.035083,  -0.840815,  1.002848,  -3.960396,  0
-4.840447,  -0.664219,  -2.777422,  0.435945,  0
-1.533916,  0.021678,  2.527232,  -10.542222,  0
-0.512862,  1.006107,  3.772421,  -5.994623,  0
-4.062670,  1.884288,  -1.188638,  5.947987,  0
-4.076662,  4.199359,  4.980259,  0.566940,  0
0.323657,  -3.907999,  5.222937,  -2.343589,  0
-7.789731,  -0.703713,  -2.605710,  -0.298876,  0
-3.578079,  -0.909959,  -2.744917,  -0.537003,  0
-5.518318,  0.666329,  1.160278,  -6.235213,  0
1.129346,  2.267601,  2.765838,  -1.645387,  0
4.672038,  -1.042743,  5.591380,  1.477476,  0
-1.148512,  0.711099,  0.587442,  -2.020381,  0
1.450065,  3.346637,  -2.757150,  3.327994,  0
-9.005055,  1.254410,  -2.840935,  -1.264528,  0
-6.765092,  -4.228981,  0.672997,  -7.754153,  0
0.686416,  2.621205,  2.183334,  -2.469190,  0
2.931184,  6.187824,  -2.951587,  2.581821,  0
-1.685182,  -6.238784,  -6.868371,  3.928799,  0
3.756107,  -8.189882,  -2.514408,  2.230869,  0
1.582709,  -0.313668,  -4.895865,  -0.003256,  0
-1.283626,  -1.060237,  10.160723,  0.354509,  0
-0.555499,  -1.473813,  -0.782553,  -4.312248,  0
-2.076014,  0.380123,  4.314513,  -4.439808,  0
4.913046,  -3.842386,  -3.453616,  -3.957819,  0
0.404355,  6.512078,  -1.623784,  4.557563,  0
8.135324,  -6.800715,  1.279587,  -4.203571,  0
-3.137347,  2.155060,  1.060534,  -0.199367,  0
0.116626,  -3.497601,  -4.610546,  -1.813305,  0
-0.569510,  2.497750,  -4.499789,  1.556139,  0
-2.357712,  0.100341,  -9.265499,  4.679266,  0
-1.946492,  -0.416970,  2.552565,  -5.784339,  0
0.384320,  1.811361,  -4.336313,  -5.397754,  0
-4.711731,  -4.333982,  -6.342627,  -4.831835,  0
-5.630239,  -0.934312,  2.978417,  -6.992046,  0
-4.722312,  -7.107206,  -0.806756,  -0.812692,  0
-0.545634,  -2.020872,  -4.629277,  -0.354468,  0
-1.091210,  3.113668,  7.047380,  -3.351664,  0
-6.540922,  -0.093440,  -3.870487,  -8.158921,  0
3.109486,  -6.359023,  -4.727828,  -10.791569,  0
1.439320,  2.708910,  -1.400018,  -0.662116,  0
-7.093345,  0.132061,  -1.505713,  0.518198,  0
-5.261056,  -0.650957,  0.293441,  -2.686090,  0
3.123529,  -3.341211,  -0.392080,  0.509996,  0
-2.280599,  0.865642,  1.486007,  0.764241,  0
-5.059763,  -5.162432,  -4.146946,  -1.440732,  0
0.630276,  3.076370,  -1.590764,  -3.547857,  0
4.075425,  -4.835207,  -3.388365,  0.804759,  0
-5.370416,  -8.699365,  -7.675585,  -5.681539,  0
2.459369,  -4.166368,  -1.619977,  -5.330566,  0
-4.392735,  4.424319,  -3.378921,  -0.003537,  0
-0.085152,  3.463873,  -11.411463,  1.080691,  0
0.246387,  6.788541,  -3.442578,  2.224276,  0
-1.457120,  -1.071502,  -9.695593,  1.214219,  0
-5.400072,  -6.984541,  3.991251,  0.716185,  0
0.685699,  -5.281690,  5.146336,  4.921125,  0
-3.063291,  -2.289172,  2.165751,  -0.472506,  0
-4.548688,  1.705049,  -9.191929,  -5.173909,  0
0.962333,  -4.684657,  -5.203978,  -0.183627,  0
-2.918833,  -2.929311,  -4.491025,  -3.845122,  0
-9.401304,  -4.583426,  -6.975065,  -2.180582,  0
3.127170,  -3.762463,  -2.123857,  -0.218201,  0
-5.660372,  -3.086292,  -5.356787,  -6.140937,  0
5.716297,  0.919360,  -3.048415,  3.120572,  0
-2.918600,  -2.787340,  -1.380747,  -6.234664,  0
3.306646,  4.675844,  6.084388,  -6.467677,  0
-3.888824,  -8.404387,  -4.511586,  -4.333270,  0
4.386212,  -6.020286,  4.337691,  -3.657780,  0
-5.856959,  0.960789,  -7.883350,  1.483515,  0
1.599105,  -0.649113,  -0.689616,  2.050371,  0
-1.294764,  3.336388,  5.068564,  0.330422,  0
4.760605,  0.868855,  1.010917,  -2.140387,  0
-5.533534,  -4.832231,  0.082207,  -2.468992,  0
-5.920665,  4.112698,  -2.347246,  -2.131631,  0
2.135684,  -1.621322,  -2.628922,  -8.877813,  0
3.431867,  -3.474883,  -6.922978,  -2.186242,  0
4.630902,  1.772559,  0.346640,  -2.971255,  0
3.974965,  -2.015552,  5.888529,  3.066055,  0
-2.489648,  -3.117189,  0.701367,  3.148182,  0
1.515864,  7.260944,  0.637837,  -2.782877,  0
-5.479546,  -6.240798,  -1.683797,  -7.758929,  0
-3.129743,  -2.040335,  -0.191327,  -3.547393,  0
-2.495034,  1.467941,  -3.486181,  -9.566546,  0
-0.375289,  -3.595761,  4.792542,  -9.621509,  0
2.210381,  0.994768,  0.903080,  -2.670596,  0
-0.383912,  -4.298353,  -2.508232,  -0.911731,  0
-2.300986,  -0.137589,  -5.145209,  -1.944361,  0
-2.437546,  0.328037,  5.643612,  -1.674489,  0
3.955240,  1.007437,  -4.154590,  -5.641672,  0
-4.907840,  2.694234,  1.410241,  1.838662,  0
-4.892867,  -2.140563,  -4.773001,  -3.956454,  0
-0.734201,  2.757126,  -3.968129,  0.175200,  0
1.589042,  0.255479,  5.267028,  -4.065817,  0
1.226875,  -0.519364,  -3.210443,  -2.251003,  0
-1.827942,  -4.440219,  -1.453194,  0.274466,  0
-3.167922,  2.707677,  1.499327,  -7.130848,  0
-2.403662,  -2.252770,  -0.579203,  0.047742,  0
1.843979,  -1.152854,  -2.870745,  5.124008,  0
-7.890214,  -0.280541,  -3.456705,  -3.914043,  0
-0.083126,  0.958689,  -0.597507,  -1.907152,  0
-3.513713,  -6.701413,  -1.688973,  -5.961139,  0
-2.714093,  0.040474,  -3.799389,  -0.226570,  0
-4.783530,  -0.180847,  -4.171316,  -8.711037,  0
-4.124206,  -1.626431,  -2.709268,  -0.715913,  0
-2.688839,  0.937950,  -2.459055,  -4.546437,  0
-2.979851,  6.038672,  -6.714386,  1.873513,  0
0.150711,  -3.016397,  1.378695,  3.025467,  0
-0.430665,  0.496214,  -0.049630,  -2.395232,  0
-1.453985,  0.588233,  -0.222563,  -10.731376,  0
-1.200892,  -4.384536,  -8.877972,  0.142033,  0
3.437560,  2.385544,  -6.138102,  0.412589,  0
3.326124,  -1.235834,  -4.048850,  3.021897,  0
-1.490406,  4.117875,  -5.222209,  1.870531,  0
-6.724150,  -0.789900,  0.844361,  2.369334,  0
1.553861,  1.183868,  -6.848438,  -0.495218,  0
-1.333709,  0.827663,  7.728772,  -1.690827,  0
3.640355,  -1.900432,  -4.385923,  -2.720438,  0
1.110842,  -4.198318,  -1.948076,  -2.406799,  0
-3.959690,  -4.994711,  -10.216561,  8.905740,  0
-10.373385,  -3.715848,  0.092440,  -3.111395,  0
-0.207246,  -0.246283,  -1.973615,  1.932168,  0
6.869066,  -4.630818,  1.463058,  9.002535,  0
-3.196407,  -0.533090,  -0.520040,  -1.122382,  0
0.589753,  0.665782,  -3.164692,  3.065361,  0
-0.150272,  1.253388,  -1.925430,  7.891350,  0
1.005905,  -4.287514,  -0.918641,  -7.949646,  0
1.090839,  -5.616295,  -9.031640,  -5.806170,  0
-4.673722,  -4.332953,  2.066889,  1.358214,  0
-0.190892,  -3.049040,  -6.173054,  -6.363523,  0
-1.500613,  -6.111901,  3.243299,  2.536241,  0
2.209143,  5.844233,  -2.611887,  1.329136,  0
2.468760,  -5.647282,  -2.744151,  3.101607,  0
-1.991028,  -4.675502,  -0.015817,  -0.891600,  0
-2.833855,  -4.992636,  -2.539695,  0.906364,  0
-1.380706,  -6.334136,  2.472756,  0.804269,  0
-5.999332,  1.527024,  -1.625034,  -4.231981,  0
7.562196,  5.265281,  5.805131,  -1.499811,  0
-1.093790,  3.307482,  0.048861,  6.349507,  0
-1.095597,  -2.493236,  -4.835665,  2.740627,  0
1.186576,  -2.760653,  -5.949912,  -2.256549,  0
-0.512348,  -2.724297,  -8.292435,  1.943389,  0
-4.732755,  -3.207222,  -8.015085,  -0.314589,  0
-4.293162,  -1.789934,  -10.228726,  -2.292396,  0
5.537093,  0.736960,  -3.537051,  1.582693,  0
1.628053,  5.371684,  -7.102511,  -5.864196,  0
2.852469,  0.939103,  -0.783584,  -4.268021,  0
-11.081835,  -2.447062,  -3.775913,  -5.297739,  0
-2.008946,  2.203612,  2.306284,  -2.202217,  0
-0.420961,  -6.599807,  2.375468,  5.012959,  0
-4.073796,  -3.089370,  -0.443602,  -0.656985,  0
3.297476,  -8.493688,  1.620755,  2.033218,  0
-4.907605,  3.874080,  0.636331,  4.645643,  0
-1.957229,  -1.599730,  3.444435,  -2.155658,  0
4.496133,  -1.652626,  -5.216780,  1.894084,  0
8.166625,  2.292111,  0.918364,  -7.808759,  0
-2.207980,  -2.871391,  -0.479794,  2.462089,  0
-3.770935,  4.098604,  -4.595127,  2.179630,  0
-4.178289,  4.655793,  -8.535627,  2.291251,  0
-2.510054,  -1.851578,  -4.340263,  -5.414995,  0
-7.760133,  -4.515048,  0.454581,  -2.891497,  0
-2.034123,  3.005173,  4.293256,  2.472093,  0
-8.692986,  0.823044,  1.041874,  -3.016951,  0
-6.758114,  -3.174199,  3.460687,  -5.523741,  0
-3.334560,  -2.296239,  -1.433321,  7.049558,  0
-2.952485,  3.189984,  2.901692,  -3.891716,  0
-0.353719,  -6.224966,  0.694848,  4.552670,  0
4.537404,  -0.285359,  -0.490016,  -0.991269,  0
-2.997895,  -7.011434,  0.364067,  4.840420,  0
-3.294497,  1.783204,  -10.596060,  -1.627192,  0
-5.393953,  -2.624376,  1.974877,  0.503445,  0
-1.755633,  6.604958,  5.630297,  -1.901365,  0
0.597807,  2.289615,  -1.611408,  4.646106,  0
1.535478,  -1.785739,  -0.973801,  -6.975554,  0
-3.337780,  5.952692,  -6.175514,  0.002618,  0
-9.340664,  -5.488666,  3.249417,  3.627916,  0
0.073349,  8.237878,  -4.439352,  3.182001,  0
0.028160,  -5.392343,  4.087421,  3.331178,  0
-1.793988,  6.959732,  3.401249,  1.108143,  0
0.446322,  2.328587,  0.549553,  -1.546793,  0
-1.011737,  -4.179392,  -3.103364,  -1.679791,  0
-2.499431,  -4.656177,  1.487674,  3.211139,  0
-0.095476,  0.205383,  -3.091008,  -3.977834,  0
-4.815545,  2.973161,  -5.402969,  0.949499,  0
0.773479,  -0.118175,  -8.450891,  -0.337887,  0
1.668835,  0.906757,  1.172761,  1.968634,  0
-1.025562,  -1.686963,  -7.221023,  4.170424,  0
4.212359,  -2.223607,  6.502702,  -3.586457,  0
-2.505527,  -0.826647,  5.525601,  -3.972335,  0
6.675855,  1.518801,  0.707312,  0.635552,  0
-3.348682,  -6.546596,  -7.773881,  6.025863,  0
1.151238,  3.620533,  4.097712,  -0.268379,  0
-0.589006,  -3.909574,  5.341397,  2.626042,  0
0.387288,  -6.686049,  2.104829,  5.395304,  0
-3.144593,  -1.270672,  -3.616059,  0.428615,  0
4.513060,  -4.163674,  -0.297969,  1.796592,  0
1.773484,  -0.495181,  1.099430,  -6.054783,  0
3.594694,  -9.417911,  -1.924514,  -0.208971,  0
-4.443472,  4.325673,  2.336551,  -0.240979,  0
-0.012510,  4.902792,  -2.646394,  -3.518436,  0
-5.097366,  -5.254073,  2.636883,  2.797283,  0
1.225280,  -3.698936,  -2.859192,  -1.933444,  0
-4.487102,  -4.632243,  4.726940,  -5.353582,  0
4.103567,  11.035553,  -5.908650,  1.171465,  0
-6.911493,  -4.570867,  -3.564549,  -7.285354,  0
3.716600,  -1.887956,  -1.083185,  1.369947,  0
-2.288936,  0.467763,  -3.311490,  -0.114370,  0
-4.372504,  4.084185,  -1.846307,  3.311618,  0
-4.198863,  -6.478911,  -5.673565,  -2.443068,  0
-0.216112,  -2.599301,  2.883676,  -4.998093,  0
2.485786,  -1.972296,  -4.277031,  -8.236822,  0
0.789399,  4.639427,  -0.134554,  -2.630410,  0
3.623989,  -0.849903,  -4.747436,  -9.170272,  0
-6.775355,  -3.926623,  -5.978710,  -2.743224,  0
-5.627109,  2.160844,  -2.935439,  -3.367153,  0
1.571829,  -3.758931,  3.595983,  -3.612877,  0
-0.594875,  -6.381665,  -1.557341,  -3.511624,  0
-3.059373,  3.369478,  1.808471,  0.962765,  0
1.635712,  -2.969959,  -0.616602,  -6.362053,  0
0.275605,  1.892298,  -4.115529,  -4.047524,  0
-3.033463,  6.431328,  -0.404574,  -1.013415,  0
2.492906,  -0.788241,  1.703197,  -6.797768,  0
-4.625209,  5.012919,  0.403232,  -1.626131,  0
-1.354750,  -2.044872,  1.369390,  -5.666259,  0
-10.900428,  2.506254,  2.837919,  10.685621,  0
1.006028,  -7.029560,  3.469502,  2.362887,  0
1.367349,  -4.170079,  -6.084598,  -4.655849,  0
-8.467344,  -4.935913,  0.572073,  -4.306886,  0
-5.890982,  -4.664982,  -1.716108,  -7.624369,  0
0.523536,  -2.133100,  -0.458898,  -5.611015,  0
0.176183,  -4.474963,  0.555028,  3.605009,  0
-3.977169,  -1.887117,  -0.361761,  3.293634,  0
-12.937639,  -0.377871,  4.253535,  -4.082050,  0
-4.910665,  -6.087548,  -1.980209,  0.547108,  0
-3.554365,  4.022154,  -3.199806,  -3.464410,  0
-2.420528,  -3.475296,  -3.927171,  -1.571168,  0
-7.533647,  -5.428045,  0.434728,  4.426953,  0
0.994937,  -4.531346,  -0.904927,  -3.975133,  0
-2.950741,  -4.797284,  -3.850656,  1.484591,  0
-3.544444,  -1.340846,  -1.012782,  -2.318992,  0
-2.194416,  -0.478413,  8.224790,  1.601604,  0
-1.208552,  6.673806,  -10.451608,  -0.889186,  0
4.080975,  -3.318608,  2.733247,  1.174332,  0
0.548472,  -2.668262,  -2.263302,  8.038006,  0
-1.848420,  0.704077,  -0.253375,  4.918513,  0
1.969787,  -6.721617,  -4.283619,  -5.019819,  0
-2.793947,  -5.444256,  -4.466060,  -0.200527,  0
3.676511,  3.170787,  -7.022522,  4.851492,  0
-0.951152,  5.637873,  2.655926,  -8.232479,  0
-9.126169,  0.412596,  0.206206,  -6.618345,  0
-2.868233,  -1.473343,  -4.887918,  -0.548641,  0
2.361323,  -2.285317,  -9.874957,  -0.105032,  0
1.199097,  2.278215,  -13.583062,  -1.112737,  0
-2.356026,  1.105149,  -0.249218,  4.125646,  0
-3.748943,  -0.052040,  1.247198,  0.498389,  0
1.438867,  4.360923,  -5.344346,  -2.193449,  0
-2.187722,  -1.610109,  -4.406854,  0.502495,  0
3.254537,  1.009005,  -2.726981,  0.251817,  0
1.583242,  2.117674,  0.794608,  -2.283691,  0
-6.145504,  -4.009360,  -0.383419,  -4.876518,  0
-3.370849,  -1.665094,  5.193447,  -4.773983,  0
0.674734,  1.171669,  9.608633,  -2.867456,  0
3.191177,  6.617876,  -2.955933,  -1.630419,  0
4.917889,  -3.948173,  -3.849531,  -0.013923,  0
-10.031379,  -2.791652,  -3.460784,  1.571477,  0
2.891283,  4.310864,  6.425552,  7.362645,  0
-1.200874,  -2.598462,  -4.156561,  -7.420278,  0
-3.941267,  -10.511409,  -0.186139,  -4.274109,  0
-8.148162,  0.955811,  -0.010671,  -9.313389,  0
1.827126,  -3.534009,  -0.154108,  -9.065609,  0
1.827382,  -2.226836,  -6.469959,  7.463776,  0
0.724996,  1.824090,  2.413802,  -2.553756,  0
0.696208,  -5.989792,  2.143144,  6.716437,  0
0.445333,  -2.732158,  -0.448600,  8.477726,  0
-0.645879,  2.234718,  -0.169198,  -3.143734,  0
4.976269,  3.426021,  -0.647368,  -2.616699,  0
-4.492644,  -6.784072,  -0.429101,  3.772704,  0
-3.158636,  -2.228708,  -4.044917,  0.051937,  0
-0.792592,  -0.723966,  -0.540647,  3.604071,  0
-1.411873,  6.399976,  4.384920,  2.701181,  0
-5.621179,  3.648094,  -2.359038,  -2.841995,  0
5.291433,  1.201231,  -1.940414,  -0.365304,  0
4.978687,  2.007233,  -2.456432,  -11.094134,  0
2.732254,  -3.307360,  0.578428,  2.577982,  0
0.552969,  -3.641453,  -2.399718,  1.082614,  0
-8.198542,  -0.743574,  0.578617,  -7.340440,  0
-6.883720,  -1.997845,  -4.828714,  -0.015512,  0
-1.260193,  -6.046128,  -3.486573,  2.090947,  0
-5.732911,  -3.710968,  4.927555,  2.568105,  0
-2.674838,  -0.319652,  6.881885,  -6.972368,  0
-6.809208,  2.474026,  -4.615620,  -3.117291,  0
0.264734,  1.035372,  2.129963,  4.290840,  0
-0.562674,  1.653870,  -2.613231,  -0.543156,  0
-7.617263,  5.477413,  -4.954919,  0.670623,  0
-1.258845,  -5.588649,  -2.729338,  -2.386021,  0
-2.496754,  -3.362102,  4.741733,  -9.989921,  0
2.113979,  -7.542980,  -2.613889,  3.608858,  0
-3.553976,  2.910627,  -4.411005,  -1.381263,  0
1.318364,  -2.454520,  0.603604,  -0.756365,  0
-1.699926,  4.038123,  1.793446,  0.097343,  0
1.748115,  -2.866028,  -1.614089,  3.027769,  0
2.842242,  -1.492226,  -4.557025,  -8.098824,  0
0.495256,  -12.571702,  3.996121,  -3.307947,  0
-0.718686,  1.121479,  -2.442305,  -6.149820,  0
4.937521,  0.605198,  0.267249,  6.652337,  0
-3.907663,  7.495478,  -9.219438,  -2.102132,  0
-3.092553,  -5.769400,  3.868067,  -0.378774,  0
2.893582,  -7.411786,  1.242237,  -4.049196,  0
-3.757041,  2.494183,  2.732698,  -1.958559,  0
-6.779279,  -2.573932,  -3.677696,  3.819613,  0
-5.190098,  1.577485,  -1.825154,  2.302192,  0
0.991930,  -2.196589,  -4.421314,  -2.424201,  0
0.302213,  -3.712462,  -0.152221,  -5.073966,  0
3.310785,  1.611017,  1.371808,  -2.324233,  0
-8.172422,  1.391603,  -9.516756,  -5.619439,  0
-1.457789,  -3.607323,  3.020802,  6.834971,  0
-3.154631,  4.117584,  -1.748159,  0.644531,  0
1.710253,  -6.552206,  -2.708425,  2.171609,  0
0.905150,  -0.843970,  -2.381876,  -3.700509,  0
-0.820894,  -4.626397,  1.699035,  4.452175,  0
2.096546,  -3.403242,  -6.167783,  1.495088,  0
5.481528,  -4.293728,  -4.080954,  -7.494908,  0
-3.175943,  -4.376814,  -7.942166,  -5.491043,  0
-0.293159,  -2.759790,  -0.276877,  5.029300,  0
-8.097592,  -8.338318,  -2.590289,  -1.541961,  0
-7.830578,  1.451666,  -3.847276,  -0.094459,  0
-1.659688,  -0.715760,  5.613751,  0.940983,  0
-2.446988,  -1.395693,  -0.989421,  -9.106324,  0
2.539852,  5.233081,  -2.419733,  3.696395,  0
2.566690,  -0.205602,  -3.666393,  -5.587280,  0
-2.532855,  0.925502,  -10.562462,  -4.644133,  0
3.702799,  -3.212305,  -4.613716,  -8.654373,  0
-3.965903,  2.731837,  -1.651720,  4.677992,  0
-4.015238,  -10.936831,  -1.341018,  3.422037,  0
3.930414,  -10.230501,  -3.050491,  0.121094,  0
-1.854393,  5.559132,  2.772422,  -4.450666,  0
-1.744536,  -0.366398,  0.682845,  -3.739219,  0
2.745209,  -0.763164,  -0.846360,  1.708933,  0
1.883931,  -0.394588,  3.587892,  -1.546314,  0
-2.108302,  6.808689,  2.974767,  -3.759956,  0
9.018206,  0.017279,  4.358096,  -1.379284,  0
1.837275,  -1.127424,  -7.190787,  -3.277698,  0
-3.608076,  -1.893320,  -1.933756,  4.248456,  0
-3.218043,  -3.740500,  -1.875729,  -2.188695,  0
-3.475045,  -1.603229,  6.306627,  5.437368,  0
-1.137120,  -4.169201,  1.827608,  -1.388101,  0
-3.800481,  -0.043232,  -5.296646,  -4.872900,  0
-1.529806,  2.322392,  8.517025,  3.606630,  0
-2.077825,  1.964914,  2.026222,  -3.709649,  0
-1.177113,  -5.130820,  -2.244362,  -4.756768,  0
-4.892629,  3.212114,  -3.298347,  -3.212014,  0
3.271663,  5.503277,  -2.598198,  2.666935,  0
3.129025,  -0.591240,  -1.017543,  1.284104,  0
-5.965049,  1.541248,  -7.069414,  -4.234490,  0
3.041932,  2.260855,  -6.994604,  0.916352,  0
-6.460523,  -0.866660,  3.394149,  3.965604,  0
-10.475782,  -0.388098,  -4.899810,  -0.806160,  0
2.567498,  -4.910855,  1.666295,  -3.745335,  0
0.905409,  4.089373,  -4.561012,  1.359447,  0
-5.319163,  -1.834368,  -5.648925,  -9.273461,  0
-4.103732,  -1.343178,  -3.648896,  -0.156832,  0
-5.057370,  -7.740049,  -0.073026,  -1.294574,  0
-3.113925,  -6.177991,  -1.811765,  0.453214,  0
5.349995,  -2.230430,  -0.769433,  -5.102277,  0
-4.158367,  1.241889,  -11.226888,  -6.724689,  0
3.623879,  2.422086,  5.237263,  -3.493781,  0
-0.779312,  0.083905,  -4.941817,  -6.060920,  0
-5.535780,  -2.870634,  0.878085,  2.322559,  0
2.991183,  -5.306304,  0.411550,  -5.267786,  0
-2.791639,  1.736463,  -6.572071,  -0.840395,  0
-5.594525,  -7.108157,  6.368852,  -6.012510,  0
-0.492955,  -4.283288,  0.127023,  -3.647770,  0
5.691600,  2.828718,  -4.298005,  4.403484,  0
-7.864634,  1.830309,  2.435431,  -0.650237,  0
2.913506,  -4.778919,  4.004126,  -8.594926,  0
5.491150,  -5.701895,  -6.035666,  -5.832537,  0
-0.983778,  -7.586107,  -8.569504,  12.394195,  0
0.544187,  0.560110,  2.217898,  -4.002392,  0
-3.065270,  -1.917755,  -6.828801,  -4.931961,  0
3.421343,  -6.983947,  2.496174,  4.069475,  0
-1.700670,  -1.443315,  -7.398217,  -2.304876,  0
8.074042,  0.035071,  8.873913,  -8.480223,  0
2.301159,  3.147106,  0.455294,  -1.897371,  0
5.039488,  -4.952751,  -2.140424,  -0.740965,  0
-7.467896,  -3.415762,  -5.399004,  -5.155486,  0
-2.758559,  -7.932195,  7.259915,  0.550156,  0
-1.495162,  -0.542450,  7.507174,  -4.956407,  0
-3.842754,  1.035293,  1.288478,  -1.695107,  0
-2.762592,  -2.868108,  3.698047,  -0.176103,  0
1.844129,  1.372598,  9.131482,  6.625964,  0
0.192140,  -2.816265,  -0.708579,  3.193486,  0
-2.234192,  -0.157971,  9.420642,  -2.354885,  0
-7.038646,  2.471289,  2.648981,  -8.468802,  0
3.466214,  -6.384239,  -4.476351,  1.923769,  0
-2.631951,  -2.715672,  -8.344824,  -4.651292,  0
-3.713356,  -1.005499,  -4.463471,  5.608299,  0
1.784952,  -1.157877,  -5.925733,  -2.817241,  0
-3.038905,  -2.129208,  -0.874414,  1.063976,  0
-2.348704,  2.550069,  -5.151287,  -1.825467,  0
-1.732732,  -5.398012,  3.981443,  -0.799263,  0
-1.919321,  -0.203917,  -9.332025,  -3.672153,  0
-1.533230,  2.452392,  1.195605,  1.788397,  0
7.494576,  -1.331463,  -1.457344,  -6.340575,  0
-3.743591,  -0.935617,  -1.927579,  0.688152,  0
-5.496347,  0.100430,  -5.554320,  1.172894,  0
-1.014310,  6.190766,  0.131935,  0.193977,  0
-0.793479,  0.074953,  4.167897,  -0.875069,  0
4.421013,  6.047152,  -2.415161,  3.987573,  0
4.578609,  6.535383,  0.754619,  4.804379,  0
2.595297,  -1.339441,  3.794883,  -6.371027,  0
1.409635,  6.181928,  4.240224,  -3.980329,  0
-1.521002,  -0.953963,  -2.933215,  0.231528,  0
2.596949,  -1.314699,  3.585392,  -7.054459,  0
-6.723349,  4.780985,  -5.185857,  4.957989,  0
-1.624221,  1.294572,  -4.913417,  -2.242725,  0
-0.306943,  10.330011,  0.822733,  -1.669522,  0
-2.768301,  -4.983758,  1.040633,  -2.153801,  0
7.369893,  4.110655,  -4.090796,  5.695423,  0
0.136657,  0.485571,  1.815286,  -6.724573,  0
-4.562937,  -5.618531,  5.757847,  -4.489183,  0
-0.076718,  7.203889,  -3.468668,  5.636764,  0
-8.721602,  2.767725,  1.779202,  -2.335318,  0
-0.757266,  2.083798,  -0.057999,  -3.096295,  0
-1.543674,  -0.577717,  1.547400,  0.613989,  0
-1.611224,  0.021460,  1.160785,  -3.014838,  0
-0.637803,  6.638547,  3.790774,  -3.092560,  0
-0.044828,  -0.336933,  -4.033704,  -3.870899,  0
1.395921,  -9.015945,  0.249797,  -4.057500,  0
-2.137628,  0.778965,  -1.552312,  -4.377269,  0
-0.143182,  -6.989047,  3.065711,  4.052532,  0
-3.581151,  -4.819663,  1.216619,  -0.473243,  0
-2.444964,  -4.048368,  -1.239249,  5.730491,  0
-1.034107,  4.727196,  -0.320548,  -3.767769,  0
6.439969,  1.502223,  -6.092685,  -7.423128,  0
-12.808780,  -1.663249,  -1.558975,  -2.134838,  0
-1.760199,  -0.348179,  -2.705458,  -3.247181,  0
0.502387,  0.656694,  2.870929,  -4.170268,  0
-1.994267,  -4.308765,  -3.420076,  -0.246618,  0
-3.686756,  4.501134,  -2.831665,  -0.680247,  0
-2.435538,  -1.950584,  -1.746459,  -3.585859,  0
6.444629,  5.622195,  -6.764580,  -7.784924,  0
-1.730202,  -4.409656,  -3.438750,  -1.694146,  0
1.011762,  -8.594201,  -5.720655,  -10.034600,  0
3.621843,  1.645379,  2.026748,  -4.739446,  0
4.677965,  -3.471289,  -6.708022,  -1.599180,  0
-6.678715,  -7.520832,  1.739124,  0.956443,  0
1.097335,  -5.578208,  2.388624,  0.574479,  0
2.122810,  7.451993,  2.210222,  -4.418371,  0
-1.835824,  -1.918280,  -6.909907,  0.892747,  0
-0.020197,  2.360493,  -8.564555,  4.210455,  0
1.948563,  -2.559966,  -2.323050,  -5.108093,  0
0.180482,  -5.126126,  1.068386,  -6.466861,  0
1.265554,  4.671641,  -2.578174,  3.602995,  0
-1.084425,  3.902679,  1.927812,  3.700618,  0
2.478885,  0.391808,  0.440372,  1.499994,  0
-1.549270,  -8.333106,  -2.856430,  1.128816,  0
-1.002015,  -4.583558,  0.368798,  1.745604,  0
4.839657,  -4.442503,  -0.722355,  2.251164,  0
-1.862272,  -4.061846,  1.919840,  2.148762,  0
1.823996,  2.376824,  -0.268828,  4.766045,  0
0.452469,  2.512873,  -0.983034,  -0.737117,  0
-0.634241,  3.011948,  2.671608,  -1.594641,  0
-1.065298,  7.203989,  0.783834,  -0.532209,  0
-4.879626,  -0.129136,  2.396138,  1.868914,  0
-0.989834,  -2.638207,  -0.400516,  -9.713853,  0
-3.155716,  -4.209195,  -3.744730,  -3.631466,  0
2.328423,  -2.183192,  -1.018971,  -2.807345,  0
-0.604463,  -1.138453,  1.570003,  -6.435761,  0
0.472191,  -1.570903,  -3.537980,  -0.789050,  0
-3.767249,  6.291517,  -1.890118,  -1.212935,  0
-1.608611,  -3.772621,  -5.987067,  -6.040415,  0
-5.359531,  -0.984385,  0.897342,  5.206701,  0
0.196043,  -1.211515,  3.012723,  1.075464,  0
-3.126682,  -6.144138,  -6.695465,  -0.241852,  0
3.553568,  -4.420318,  6.251399,  1.838240,  0
-7.079572,  5.484614,  -3.555849,  5.741035,  0
-0.181184,  -0.270457,  -2.989201,  4.762784,  0
-5.821460,  -1.624655,  0.188140,  -0.063660,  0
-1.487688,  0.728615,  -0.646828,  -7.386240,  0
0.291734,  9.194072,  -4.713925,  -1.729825,  0
1.544110,  6.997808,  2.273622,  2.659218,  0
2.087998,  0.352622,  3.501615,  1.151190,  0
2.692569,  -11.764075,  2.157679,  0.379049,  0
0.424245,  1.763588,  -7.067008,  -1.934993,  0
3.412989,  -10.156262,  -6.579162,  -5.383613,  0
-12.510876,  0.057011,  -2.806061,  -2.919746,  0
4.891940,  -0.224085,  -5.077702,  0.856035,  0
-10.350268,  -7.573313,  -6.069312,  -1.835914,  0
0.713843,  0.942298,  -2.889559,  -0.219541,  0
-1.319011,  -3.818620,  9.341935,  4.639406,  0
0.218033,  0.420069,  0.287590,  -1.691643,  0
-0.962588,  8.089819,  -0.353742,  1.200803,  0
-1.377965,  -1.327228,  -3.682680,  -1.605028,  0
0.250200,  3.169070,  1.957456,  0.442718,  0
2.306911,  0.466709,  0.761521,  -6.852770,  0
6.417627,  3.592745,  4.638567,  -0.362172,  0
-4.290055,  -0.927110,  -0.627975,  5.934241,  0
-4.033952,  -5.765812,  -4.805892,  2.379336,  0
0.872071,  -1.163345,  -1.434761,  2.385247,  0
3.657931,  -0.318379,  -6.103661,  -4.232580,  0
0.300989,  -5.641457,  -5.377312,  -0.251686,  0
-2.709172,  -6.844595,  1.151026,  -4.889646,  0
-3.249624,  -10.279678,  -5.229160,  0.507011,  0
6.246196,  0.660941,  -0.495896,  4.521021,  0
-9.617941,  0.986344,  1.467924,  -5.423882,  0
-5.428310,  -0.703735,  -2.603388,  3.900115,  0
-3.065610,  -1.542789,  -0.968984,  -1.018748,  0
-1.435401,  -4.899696,  4.217619,  -1.166885,  0
1.308687,  -2.068493,  -7.204485,  -1.924484,  0
-2.849050,  3.071617,  0.296957,  3.300526,  0
-4.335697,  -2.616184,  -3.412343,  -6.369630,  0
-3.685192,  1.485886,  -2.200571,  -2.049602,  0
3.497991,  -3.459859,  -7.824000,  -3.545943,  0
-3.912741,  -10.045842,  -6.193592,  1.407263,  0
1.318647,  -2.056224,  3.295483,  -0.841702,  0
0.587425,  -8.484093,  -1.298765,  3.735588,  0
-4.919464,  -7.511689,  -5.166277,  -1.035427,  0
-3.774084,  -4.727644,  3.376783,  -1.815924,  0
4.259227,  1.334291,  2.549541,  -1.746510,  0
-8.523246,  0.034725,  -5.563879,  -1.758457,  0
2.187738,  -4.287424,  -3.082758,  -4.441233,  0
-2.462616,  -9.109113,  5.336820,  3.526272,  0
0.472402,  -3.760100,  -0.745288,  -8.449595,  0
4.131615,  -4.476573,  1.262768,  -0.362857,  0
-6.351148,  1.241152,  5.592691,  -3.831793,  0
-1.064520,  1.816723,  3.928159,  -4.090361,  0
-2.427170,  2.184692,  -5.328848,  5.231419,  0
2.053770,  -0.083534,  -0.478927,  -1.974324,  0
-2.332940,  -5.932005,  -1.821140,  -5.584193,  0
